a	b	d	c	h	rmse
0.00075130	0.40697449	0.05192501	19.2406	2.4999	9.7660
0.00066471	0.64670795	0.05926511	18.0683	2.9015	7.3429
0.00075864	1.16245770	0.08444993	15.1311	2.2135	7.9737
0.00039999	0.02460205	0.08618597	12.0784	2.4904	4.0195
0.00016180	0.72568387	0.00863971	13.8485	2.9179	4.0001
0.00069584	0.58258420	0.07726190	18.5498	2.7455	8.7433
0.00018428	0.88426840	0.00310803	18.6771	2.4138	8.5263
0.00062887	1.13985455	0.04580221	12.9756	1.8183	6.5448
0.00092732	0.02269263	0.02777999	13.3139	2.5827	3.9555
0.00070553	0.52173746	0.06380902	15.2142	1.9509	8.4444
0.00017310	0.53608644	0.04574910	12.1901	2.9119	3.5648
0.00008834	0.92120576	0.08384275	19.7064	1.8507	13.7331
0.00034913	0.67978185	0.00600937	16.6548	2.2755	7.2234
0.00068901	0.03240465	0.00550800	16.4542	2.5675	6.0126
0.00038542	0.45043841	0.08885210	13.9586	2.0594	7.3115
0.00060598	0.01797248	0.03411283	16.8691	1.9095	9.3647
0.00006065	0.97193527	0.09895210	14.0397	2.7395	5.1939
0.00032476	0.08006738	0.05568226	13.1023	2.5386	4.1743
0.00074531	0.08309799	0.08376720	15.6103	2.6167	6.5671
0.00018871	1.18154681	0.01183029	12.0428	1.9443	4.4548
0.00016059	0.98924953	0.01136535	18.4604	1.9503	10.3514
0.00043872	0.82371181	0.08252580	14.3196	1.7988	8.7051
0.00088231	0.17956889	0.08288343	13.5117	2.5444	5.0210
0.00016471	1.15466070	0.03111187	18.2501	2.9154	6.9458
0.00010724	0.77780962	0.02886030	15.9959	2.8730	5.1859
0.00066312	0.60257530	0.09723442	16.9605	2.2866	9.5705
0.00068565	0.01468844	0.01777749	13.1649	2.0977	4.8951
0.00028017	0.11226010	0.07631665	13.5617	2.4550	5.1015
0.00085459	0.47920230	0.09103995	15.4305	2.7346	6.2585
0.00039393	0.43273446	0.01418296	15.8192	1.6536	9.0051
0.00079872	0.82484537	0.00869909	13.1416	1.6276	6.5904
0.00008000	0.65285951	0.06650512	17.0867	2.5909	7.6206
0.00027862	1.18096614	0.06946212	14.7943	2.2461	7.0463
0.00033437	1.12187505	0.07813265	15.2685	2.3076	7.4524
0.00069338	0.99431044	0.00636766	17.7732	2.9375	6.1482
0.00021482	0.93194991	0.05792147	14.3150	2.9002	4.3464
0.00088345	0.67723984	0.08562537	15.1598	2.1721	8.1025
0.00014188	0.06074610	0.06000656	15.4819	1.7362	9.2544
0.00015210	1.06039727	0.06525778	15.4432	1.9023	8.9068
0.00091720	0.01258609	0.01392059	15.9303	2.3915	6.2854
0.00091318	0.28141794	0.06667783	14.0435	2.5522	5.1449
0.00042723	0.12320466	0.09917086	15.9924	1.5580	11.6377
0.00010369	0.37369782	0.05468429	19.1664	1.5164	13.7895
0.00066764	0.87695211	0.02558589	17.1271	2.6811	6.6758
0.00091289	1.13003755	0.04112193	18.1123	2.8787	7.2468
0.00029416	1.00517380	0.06034118	17.9665	1.9174	11.2084
0.00060317	1.11738300	0.01363480	12.9056	2.8872	3.6791
0.00041114	0.82612342	0.09072280	13.7140	2.2315	6.5477
0.00058836	1.09262145	0.03717169	18.3755	2.6730	8.0791
0.00037853	0.09748803	0.01093648	18.5118	2.3773	8.5422
0.00060689	0.71474898	0.08500157	17.5396	1.8559	11.6904
0.00024340	0.47704172	0.02148943	12.5496	2.4798	3.6634
0.00005385	0.55975527	0.01958529	19.7996	2.8915	8.0539
0.00082546	0.50598687	0.02082384	14.8083	2.5930	4.9208
0.00065028	0.02998957	0.04206792	15.1460	1.9600	7.6914
0.00007059	0.83161950	0.01144253	17.4501	2.5558	7.0334
0.00068977	0.56829178	0.08051374	13.6319	1.8114	7.9298
0.00028440	0.70165431	0.04482839	17.6625	2.6123	7.6647
0.00020638	0.72028893	0.01221425	14.4639	2.1520	5.7912
0.00054960	0.36453742	0.01246070	12.0227	1.9408	4.3765
0.00058077	0.37908250	0.00935317	14.6837	1.9549	6.6417
0.00087545	1.06468284	0.04525410	15.4986	2.1921	7.4714
0.00086334	1.02353597	0.09253113	15.9170	2.5049	7.7319
0.00022548	0.47010079	0.09606030	15.2813	2.9940	5.3076
0.00095202	0.36194146	0.00655502	17.3483	2.1834	8.2737
0.00056478	0.40962464	0.09697481	17.4617	2.3459	9.7213
0.00022854	0.68674737	0.01973358	17.4905	2.4174	7.7107
0.00062146	0.10529254	0.06510911	19.0499	2.6635	9.1312
0.00014762	0.66892564	0.05541854	14.7112	2.7396	4.9090
0.00092724	0.70669353	0.08640768	18.4816	1.9812	12.1916
0.00009504	0.72217196	0.04408737	13.0147	1.5770	7.2962
0.00062847	0.05429131	0.00666511	19.0811	1.9098	10.9067
0.00088884	0.69861275	0.00518552	15.8004	2.0010	7.5553
0.00035445	0.79213095	0.01005119	19.5409	1.9775	11.2580
0.00022624	0.39253417	0.06023036	15.1696	2.7248	5.3493
0.00085994	0.65523738	0.04856769	17.0834	2.6455	7.1934
0.00037626	1.02835548	0.08421677	19.2374	2.5070	10.5615
0.00057811	0.43155384	0.03159954	17.1199	1.7765	10.2064
0.00082449	0.68856770	0.07323794	14.7850	2.8898	4.9295
0.00081591	0.15365387	0.09830210	13.6323	1.6466	9.0277
0.00040231	1.13300228	0.05939361	13.5703	1.6160	8.2415
0.00028467	1.11603665	0.03664850	18.2066	2.4229	8.8108
0.00071338	0.22409739	0.00324757	12.8084	2.4278	3.7662
0.00056292	0.62625688	0.01693281	12.6309	2.2457	4.1125
0.00063039	0.63279080	0.05262978	13.1260	2.2134	5.2207
0.00051140	0.25361264	0.07094631	17.3106	2.1391	9.7424
0.00054142	0.81632251	0.02378111	19.1339	2.0139	11.0734
0.00041707	0.16541250	0.00425660	18.1630	2.3102	8.3616
0.00038721	1.06073797	0.06008019	17.0561	2.8258	6.7613
0.00047257	0.40660325	0.09986716	12.6765	2.0994	6.2353
0.00090916	0.44692016	0.09631198	17.8677	1.9459	11.9227
0.00060410	0.97187841	0.05440766	17.4506	2.8232	7.0263
0.00030587	0.75635254	0.03145801	12.0759	2.6094	3.3945
0.00051975	0.80112821	0.05419670	12.6860	1.6119	7.2074
0.00045513	0.68296224	0.02951443	16.9528	2.2284	8.1727
0.00041382	1.11927342	0.07191769	12.9917	2.5148	4.5823
0.00055491	0.80548763	0.06972951	15.5523	2.0885	8.3792
0.00060468	0.97832751	0.03437087	14.0984	2.4794	4.9178
0.00099663	1.06818604	0.00341064	15.2631	2.0526	6.9183
0.00039708	0.02598106	0.00225790	14.2951	1.8284	6.5146
0.00043863	0.24553393	0.08366770	16.9746	2.0545	10.0677
0.00054315	0.58559376	0.01649107	13.5756	2.9202	3.8534
0.00071232	0.32329205	0.00974287	17.3404	2.4448	7.3015
0.00097934	0.13250318	0.07274564	19.2145	1.6895	13.7057
0.00069454	0.65779322	0.06238040	15.6141	2.2755	7.5027
0.00080567	0.76018226	0.02251380	18.6952	1.7964	11.5939
0.00035035	1.13941455	0.05218875	16.2187	1.6455	10.5172
0.00067097	0.12049884	0.06199179	15.6069	2.4845	6.5685
0.00050125	0.17970997	0.04158638	12.0341	2.3397	3.7233
0.00031304	0.56801885	0.04729403	12.3059	2.9480	3.5711
0.00059202	0.50206190	0.09318520	12.4826	2.0728	6.0478
0.00090907	0.87819022	0.05126571	12.3472	2.0177	5.3078
0.00092048	0.58482462	0.03401551	18.7318	2.3060	9.7401
0.00097528	0.49644834	0.06507072	17.4869	2.1381	9.9565
0.00070501	0.22111338	0.03323254	16.0986	1.6277	9.8589
0.00069754	0.12439287	0.08532733	17.8234	1.5268	13.2994
0.00026395	0.08035521	0.07819699	18.8853	2.9960	7.9346
0.00086804	0.69877827	0.00664727	19.0688	2.4745	8.8235
0.00072571	0.71489441	0.07463520	14.2156	1.7486	8.6640
0.00009340	1.11189878	0.08777653	17.4795	2.0152	10.9775
0.00038069	0.62102622	0.03858326	16.2909	1.7662	9.6036
0.00054969	0.65891403	0.01873574	16.8398	2.2076	7.9337
0.00076396	0.35981131	0.08105494	13.4577	2.1394	6.3992
0.00037204	1.12727273	0.08124725	14.1514	1.6246	9.3302
0.00089819	0.70944768	0.05607938	18.2876	2.9220	7.4582
0.00087877	0.19580969	0.08437729	12.4111	1.7930	6.8802
0.00072569	1.11524689	0.02902637	13.3912	2.9820	3.7210
0.00044221	1.10216868	0.05561085	14.6155	1.5468	9.4719
0.00047550	0.05025066	0.03469882	17.6709	2.4321	8.0382
0.00017686	0.18055567	0.09610585	14.7772	2.5817	6.1297
0.00046312	0.90756637	0.09195882	15.1244	2.8950	5.5104
0.00095566	0.58322835	0.03535583	15.5650	2.2028	7.1768
0.00075939	0.83062989	0.04441968	18.5093	1.9362	11.3439
0.00045980	0.88623339	0.06461373	13.2949	1.8920	6.8956
0.00030695	0.63378149	0.08739281	14.6137	2.9290	4.8652
0.00097954	0.43385366	0.01161735	19.0818	1.5785	12.6219
0.00078349	1.17440689	0.09252630	15.0780	2.9997	5.2780
0.00016220	1.04365897	0.08485323	13.2880	1.8604	7.4935
0.00039614	0.73679650	0.09247937	19.8590	2.1694	12.7402
0.00096386	0.84494883	0.06885401	13.3312	1.7758	7.6421
0.00089604	0.56762630	0.01821511	17.1224	2.2150	8.2128
0.00005974	1.05623782	0.09893732	19.6970	2.3330	12.0368
0.00065237	0.67213005	0.07606606	12.7567	1.8242	6.9382
0.00022545	1.19385004	0.06492833	17.4291	2.0294	10.3476
0.00010736	0.44397181	0.06693402	14.2553	1.7667	8.1919
0.00055345	0.09539681	0.05842253	17.9050	2.7135	7.7188
0.00021366	1.15429235	0.08269946	12.6375	2.3876	4.8771
0.00016208	0.97635311	0.08501365	14.8576	1.8766	8.9266
0.00096741	0.44026995	0.07394117	12.9924	2.2129	5.5922
0.00016036	0.73597634	0.06618860	15.7243	1.9142	9.0685
0.00057557	0.62407768	0.03280696	16.7876	2.4236	7.3541
0.00087576	0.88163972	0.05752690	16.9436	1.9220	10.2369
0.00062418	0.46177655	0.09065533	14.4281	2.8150	5.1054
0.00098911	0.35487321	0.02507014	15.4147	2.3062	6.4006
0.00044062	1.18190646	0.05772307	17.5382	2.2555	9.3802
0.00039456	0.72252429	0.04293033	15.5622	2.0304	7.9311
0.00026062	0.58826888	0.02573534	13.4360	2.4770	4.2339
0.00063549	1.05084419	0.04433325	19.0945	2.6896	8.8349
0.00049569	0.41737461	0.06543189	16.1895	1.7827	10.0692
0.00061972	0.81381130	0.02726393	13.5014	1.5719	7.5433
0.00006640	0.16011924	0.00152990	15.6544	2.1742	6.4667
0.00032590	0.27243301	0.09446522	15.7093	2.8285	6.1089
0.00086079	0.49729097	0.09266704	14.5940	1.7507	9.4733
0.00089775	0.12096237	0.07872520	16.6453	1.6198	11.6024
0.00060950	0.59544587	0.04001360	17.7285	2.7111	7.3107
0.00015755	0.92325741	0.09229960	18.0520	1.5009	13.8997
0.00016540	0.20916998	0.02966960	15.7647	2.7817	5.1906
0.00094309	1.00810671	0.00267480	12.2248	2.8941	3.7682
0.00009690	0.41134098	0.00222558	19.9577	2.9150	7.8093
0.00070568	0.67485535	0.04546392	13.1435	1.8053	6.6502
0.00028284	1.10839283	0.01422410	19.5517	2.0035	11.3140
0.00093995	0.88397187	0.04281750	14.7843	2.5140	5.5626
0.00040660	0.68886828	0.08955154	16.2489	2.8422	6.5282
0.00044186	0.96002674	0.07469571	17.5091	2.7516	7.7304
0.00027018	0.59100419	0.09031224	15.7960	2.2014	8.5266
0.00030695	0.78674746	0.00381289	12.0162	2.0305	4.0326
0.00085666	0.10919324	0.04495187	12.9360	2.1875	4.9279
0.00019549	0.84926033	0.04513799	13.3932	1.7119	7.1842
0.00079325	1.17345989	0.05220649	14.7990	1.8012	8.5830
0.00029268	1.12299323	0.09972177	12.3568	2.9913	3.6439
0.00095801	0.55797642	0.06157780	16.8069	2.2863	8.6121
0.00013179	0.47644052	0.08246537	12.2583	2.4341	4.2769
0.00014649	0.51823980	0.02643423	15.3485	1.9986	7.3890
0.00026243	0.61212319	0.01386566	18.3554	2.4010	8.4465
0.00065637	0.55445224	0.02599831	17.7748	1.7063	11.0683
0.00089407	0.90989995	0.04875267	19.4388	2.7427	9.0716
0.00043360	0.24384850	0.07908922	13.4563	1.9676	6.9232
0.00064638	1.19566357	0.06527132	18.6515	2.4854	9.7400
0.00068133	1.03340936	0.04779544	14.5485	2.0095	7.3042
0.00067693	0.02798184	0.06030498	18.7361	1.8396	12.1429
0.00087561	0.07253785	0.03106261	16.1592	2.7673	5.5894
0.00046017	0.89848250	0.04916813	15.0953	1.9491	8.0191
0.00068285	0.05586750	0.01227344	15.0451	2.9853	4.3358
0.00080850	0.01849353	0.07337180	13.0218	2.4439	4.6995
0.00005477	0.33384755	0.07086984	16.2928	1.7596	10.2670
0.00099072	1.14313793	0.08839430	14.0242	2.5720	5.7212
0.00029702	0.97942489	0.05854364	19.5756	2.9404	8.5506
0.00089902	0.12993425	0.08744506	19.5029	2.4282	11.1267
0.00020932	0.69368416	0.01811723	19.5378	1.6319	12.8614
0.00054047	0.78983492	0.04689673	16.9306	1.5229	11.5817
