a	b	d	c	h	rmse
0.00040489	1.13609993	0.03510264	13.9507	2.8972	3.9822
0.00090692	0.80106336	0.03660131	14.9617	2.7809	4.8135
0.00069725	0.72613090	0.06094494	18.2070	1.8658	11.7169
0.00072118	0.62642890	0.00659160	12.7088	2.5249	3.6305
0.00093744	0.32091349	0.06411427	12.6144	2.0576	5.5668
0.00022998	0.94663960	0.08792013	17.9174	1.9516	11.6784
0.00067951	0.90220106	0.00851031	16.5793	1.9297	8.6531
0.00047100	0.28643307	0.05170348	14.5619	2.8528	4.4773
0.00075469	0.60309076	0.07172854	13.3640	2.6152	4.5400
0.00052514	1.11582899	0.02527980	19.4813	2.8568	8.1738
0.00063192	1.12618256	0.09971981	13.4970	1.6316	9.2332
0.00074089	0.25809851	0.03585064	14.8783	2.2066	6.4219
0.00078464	0.62765384	0.06035225	12.1474	1.5032	7.3267
0.00011376	0.91489691	0.08727586	16.3098	2.4744	7.8860
0.00035131	1.05833375	0.06549466	18.0642	1.5905	12.9014
0.00046673	0.26515627	0.01415272	17.2137	2.6553	6.5126
0.00047776	0.06036777	0.03250351	12.6538	2.6447	3.5959
0.00073151	0.15596972	0.00102639	15.5920	2.3043	6.0628
0.00057845	1.18289363	0.00378590	15.4287	2.7384	4.8853
0.00081672	0.98283792	0.02669997	13.7887	2.0770	5.8838
0.00064777	0.13595837	0.04275468	19.7852	2.3407	10.6406
0.00029395	0.11728106	0.00807596	12.5589	2.6311	3.6525
0.00048911	1.04239488	0.06713042	14.0451	2.4874	5.4452
0.00087722	0.19814980	0.01920133	12.1037	2.1602	3.9390
0.00048516	0.91495204	0.09477533	19.8485	1.6482	15.1762
0.00040553	1.18973947	0.04180671	19.7926	2.6190	9.6959
0.00029384	0.56092286	0.09156532	19.3250	1.7627	13.9039
0.00016732	0.73584265	0.03256332	18.6827	2.5114	8.7193
0.00062496	0.76686800	0.01731106	14.7356	2.5632	4.9109
0.00010181	1.07203460	0.06575420	13.7862	2.1770	6.2244
0.00011822	0.72343391	0.02754149	13.5012	2.2275	4.9692
0.00077415	0.36215660	0.09372811	18.9055	2.6741	9.7148
0.00027524	0.14704664	0.08658116	16.0264	2.7965	6.2922
0.00055916	0.13164018	0.09668920	12.3054	2.6677	3.9705
0.00065077	1.05057192	0.08713833	13.3687	2.2724	6.1011
0.00096324	0.43701464	0.01369942	18.6468	2.5876	8.1133
0.00022401	0.90440869	0.09346714	13.4006	2.9718	4.0916
0.00025672	1.01138759	0.00301906	17.0300	2.3907	7.1425
0.00081931	0.88644642	0.02620857	14.1357	1.9308	6.7323
0.00096025	1.12460744	0.02836474	16.3009	2.6152	6.3200
0.00089245	1.03185201	0.02782639	17.6532	2.8532	6.6647
0.00039307	0.24866433	0.00308703	15.4904	1.9431	7.2513
0.00059138	0.87417120	0.05056899	18.2893	2.5495	8.7088
0.00081250	0.53953940	0.01218863	17.0820	2.4815	7.0410
0.00096724	1.11807239	0.07007443	16.4410	2.2582	8.7282
0.00005518	0.27330607	0.01762626	13.2761	1.6337	6.6002
0.00024608	0.79647994	0.08610506	17.2724	2.7784	7.5888
0.00044207	0.33388630	0.04692366	15.9356	2.4562	6.6593
0.00047786	1.03133535	0.08030723	18.5664	2.8235	8.5847
0.00017660	0.64320719	0.06983004	16.6102	1.5881	11.4204
0.00077815	1.19744408	0.07151108	15.1277	2.2834	7.3839
0.00018156	0.79169095	0.06209436	15.6114	2.1617	7.8600
0.00061006	0.50408429	0.06173574	16.1495	2.0771	8.7435
0.00072818	0.14208342	0.02356829	14.9261	2.9373	4.3404
0.00054753	0.36194617	0.00622749	12.7493	2.8672	3.8420
0.00017106	0.55519193	0.03178622	12.6778	1.9868	5.1008
0.00086573	0.29560086	0.04556863	18.5805	1.8395	11.7472
0.00059770	0.38974407	0.08614003	17.0139	1.6240	12.1321
0.00061147	0.28750753	0.03769549	17.2559	2.4410	7.7575
0.00018913	1.08501685	0.06404606	17.8869	1.8109	11.6793
0.00098308	0.60040355	0.08207205	16.3924	1.5806	11.7766
0.00020976	0.53677481	0.03620017	18.0170	2.4782	8.2661
0.00056397	0.17308629	0.04618584	12.1669	2.6457	3.4257
0.00055546	0.76566106	0.09986819	12.5626	2.3258	5.3926
0.00035713	1.15612185	0.04687645	17.0169	2.0818	9.3115
0.00071328	0.95924675	0.04068716	18.3399	2.5358	8.6393
0.00025208	0.91809583	0.03153412	18.7935	2.9748	7.1982
0.00018746	0.02943349	0.07829352	16.2437	2.4825	7.3923
0.00025717	0.41373146	0.01549362	12.9009	1.7040	6.0003
0.00019615	0.63842177	0.09496646	18.9479	2.9042	8.8079
0.00072208	0.27576983	0.08174113	12.1396	2.6911	3.6405
0.00060513	1.04123449	0.07133795	17.4563	1.8556	11.3477
0.00099554	1.11194384	0.08151639	13.1558	1.7509	7.9940
0.00025519	0.87143439	0.06155548	17.4273	1.5301	12.3583
0.00076511	0.33968875	0.08264679	12.3887	1.8547	6.5683
0.00067634	0.47305399	0.03625935	13.4068	2.2020	5.1618
0.00088179	0.98129892	0.05594440	19.8601	2.1956	11.9082
0.00013976	0.96770096	0.09928014	14.4070	2.4185	6.6463
0.00053544	1.15954459	0.03924824	18.7301	1.6504	12.7081
0.00077981	0.44395176	0.05772951	15.9560	2.6484	6.3023
0.00011098	1.15049970	0.01955157	13.4835	1.5454	7.4171
0.00036863	0.56665701	0.06287652	14.0354	1.9503	7.2181
0.00038616	0.88264900	0.06689962	18.5384	2.5448	9.2892
0.00051137	1.19354248	0.07448994	13.6612	2.1808	6.4218
0.00089157	0.95567739	0.02573064	19.2551	2.2669	10.2994
0.00094184	1.00741160	0.05620094	19.1699	1.9520	12.3134
0.00013547	0.91287637	0.01143235	13.0772	2.1916	4.5191
0.00046615	0.03473618	0.02033093	15.7404	2.3978	6.1457
0.00087056	0.85956913	0.01508127	19.3526	2.1254	10.7101
0.00086714	0.28655621	0.05848866	18.1096	1.9549	11.1012
0.00025293	1.17755163	0.09816229	14.3032	2.5188	6.2306
0.00066928	0.01721155	0.06199625	16.6045	1.5296	11.4365
0.00013331	0.28142580	0.03346492	16.0275	1.7680	9.0728
0.00038726	0.15710835	0.09862424	19.9174	2.1163	13.0250
0.00092065	0.35305321	0.00460183	19.6577	2.2955	9.9747
0.00040902	0.42589217	0.07182661	17.3526	2.2377	9.4122
0.00007593	0.94029886	0.03358972	16.6829	2.1930	8.1217
0.00026477	0.82789522	0.06543744	16.7157	1.6678	11.1367
0.00044229	0.21077867	0.08502888	18.6678	2.0365	11.8270
0.00065376	0.23297393	0.02742664	15.5285	2.0365	7.4755
0.00095200	0.30387762	0.05912911	17.3611	2.8677	6.8155
0.00028688	0.99833852	0.07696448	18.0432	1.7586	12.3967
0.00044363	0.95742661	0.02265657	17.1875	1.6469	10.7156
0.00049850	1.10285664	0.09306655	16.2476	2.9716	6.2704
0.00017426	0.31089938	0.06180509	17.3498	1.6329	11.6575
0.00024325	0.10527701	0.08027225	17.1828	2.8484	6.9822
0.00033960	1.09693241	0.04356764	19.0172	1.8156	12.3053
0.00061875	0.13247615	0.05868759	16.4126	2.7824	6.1842
0.00019366	0.14948271	0.06036794	13.4897	2.4134	4.8685
0.00083429	0.47607085	0.03156540	13.2669	1.7529	6.6402
0.00092374	0.20788105	0.01536203	18.4460	2.6250	7.7757
0.00081411	0.78371739	0.07569796	13.8906	2.8736	4.3765
0.00083549	0.14233586	0.04977739	14.4928	1.5327	9.1101
0.00096674	0.48030514	0.00336217	15.7087	1.7455	8.4207
0.00010792	0.15448771	0.01306970	14.0274	1.6644	7.0815
0.00008517	0.87807053	0.03054704	14.3401	2.5951	4.6772
0.00054913	0.02030195	0.02265083	15.0806	2.3375	5.8224
0.00097563	0.35782400	0.01143107	14.1044	2.3302	4.9577
0.00089557	0.47255635	0.04489347	16.3229	2.6877	6.2689
0.00008862	0.71756524	0.09331255	17.9436	1.6638	13.0105
0.00006875	0.34070730	0.03778604	16.0937	2.7664	5.5917
0.00032370	0.04549016	0.08731119	18.2596	2.9532	7.7196
0.00032148	0.24497721	0.05943590	17.5796	2.5230	8.1397
0.00055274	0.33032131	0.07048769	18.9132	2.0457	11.7243
0.00010840	0.93807817	0.00699192	12.4545	2.6026	3.5737
0.00098457	0.71692050	0.02127638	12.1658	2.1594	4.0949
0.00005489	1.18107522	0.04678087	16.0987	1.7853	9.5950
0.00054553	0.17785914	0.05654054	16.3154	2.6046	6.6535
0.00094031	1.08753932	0.03980624	12.7789	2.3385	4.4227
0.00049844	0.99932241	0.00635715	19.2778	2.4072	9.2624
0.00032452	0.63734865	0.05427386	13.1402	2.9770	3.6912
0.00065997	0.93993396	0.04757899	19.6994	1.7848	13.2577
0.00086152	0.25362501	0.01934466	16.0497	2.4182	6.4279
0.00007827	0.17207009	0.08137505	19.9769	2.7516	9.9228
0.00005207	0.41005665	0.05276390	15.7662	2.2915	7.1729
0.00051690	0.81908047	0.04751189	15.9700	2.7048	5.9619
0.00024291	1.17254603	0.01626112	13.9530	1.9128	6.3615
0.00088429	0.03435642	0.09714267	14.1488	2.4602	6.1448
0.00052909	0.86683577	0.02057149	16.3480	2.9806	5.1337
0.00030959	0.93200183	0.00453090	14.6596	2.6639	4.5095
0.00071179	0.36720878	0.03693089	15.1449	2.0360	7.3642
0.00056064	0.28634676	0.09490220	14.8210	1.5198	10.6250
0.00079739	0.24931951	0.02055898	19.9513	1.6635	13.2295
0.00057275	0.50523335	0.05435979	12.8853	2.5579	4.0309
0.00024675	0.06253140	0.03837673	16.6390	2.1467	8.2050
0.00026435	0.90836596	0.03397839	15.8571	2.8728	5.1716
0.00020241	1.19729400	0.03485069	15.9752	2.6543	5.9249
0.00018434	0.91969943	0.04626417	17.6129	2.9244	6.5997
0.00042520	1.09135604	0.06212052	17.2754	2.8860	6.8010
0.00027745	0.71727681	0.06235017	18.9830	2.2112	10.9166
0.00044136	0.17501274	0.06611373	18.0118	1.5896	12.6490
0.00069075	0.19541603	0.04308909	15.4991	2.0173	7.8693
0.00056666	1.14882219	0.04038340	17.7218	1.5148	12.3430
0.00034175	0.54032493	0.07990681	13.7231	1.8529	7.7265
0.00094932	0.26630455	0.03935366	16.6939	1.9787	9.1722
0.00013847	0.97897625	0.04116955	14.5637	2.3985	5.6102
0.00016386	0.43125743	0.08138163	15.7810	1.7292	10.2199
0.00041810	0.15453297	0.01423157	13.5268	2.4651	4.1872
0.00021731	0.08579075	0.08995955	17.2591	2.9420	6.9160
0.00030988	1.02846336	0.09387858	17.6055	1.6217	13.0328
0.00025535	0.26974952	0.08364484	14.1948	1.7672	8.5445
0.00087314	0.94293094	0.02884967	15.0235	1.6642	8.7734
0.00078205	0.51835519	0.00556984	18.7795	1.7885	11.2465
0.00077420	0.19140504	0.04360225	15.9116	2.3169	7.1155
0.00023142	0.53512889	0.02470487	17.5381	2.7587	6.6410
0.00062900	0.89051914	0.01460794	12.9503	2.0054	5.0981
0.00087253	1.00027764	0.02870240	13.7926	2.0564	6.0206
0.00048231	0.86649615	0.07203451	19.9935	1.8699	13.7229
0.00028515	1.04737651	0.09127007	12.4951	2.8303	3.8001
0.00097843	0.28790212	0.02898362	19.1650	2.2212	10.3345
0.00076525	0.55589104	0.04793405	18.1223	1.8608	11.3039
0.00091531	0.98790902	0.03368244	15.4331	1.7936	8.7633
0.00059325	0.41621801	0.08779627	19.5409	2.6758	10.1416
0.00025027	0.89377546	0.07657772	15.2341	2.6518	6.0386
0.00045434	0.40578237	0.03222639	15.9347	2.8730	5.1645
0.00028390	0.99878943	0.09832022	16.6638	1.8614	11.1444
0.00034327	1.00028002	0.09385131	18.8480	2.4279	10.7390
0.00016083	0.88376260	0.02554686	19.3715	1.9525	11.5303
0.00005792	0.80674142	0.06746572	14.6702	1.6542	9.1746
0.00079688	0.67283201	0.03139077	14.7072	2.8189	4.4730
0.00076663	0.57348222	0.02619440	19.7636	1.5256	13.8649
0.00060773	0.72214782	0.02993432	12.5939	2.3471	4.0180
0.00068663	1.04688418	0.02472067	12.1453	1.8432	5.1896
0.00065607	0.28576997	0.05760275	18.2417	2.1255	10.4264
0.00082176	0.89294326	0.05924727	15.7469	2.4914	6.8122
0.00014181	0.13924184	0.03314585	12.5112	1.7955	5.5753
0.00085512	0.50882250	0.04244387	14.1160	2.9990	3.9718
0.00095845	1.13327360	0.03609608	18.9194	2.0248	11.2951
0.00029923	0.91627395	0.08195671	15.3986	2.5935	6.5180
0.00045843	0.83436567	0.02183312	19.7069	2.7618	8.5887
0.00028617	1.16621804	0.04667494	15.4652	2.2022	7.3232
0.00021815	0.62858379	0.01680168	19.5971	2.8939	7.8554
0.00027353	0.95438373	0.05482480	19.0501	2.6798	8.9602
0.00088999	1.03118205	0.02449412	17.1487	1.6425	10.8772
0.00035121	0.82679272	0.09886490	12.9359	1.8392	7.6017
0.00026481	0.88251579	0.09535391	13.8547	2.2965	6.5187
0.00041823	1.02568614	0.09307201	16.7713	2.7650	7.4300
0.00050913	0.42406353	0.04811125	19.0756	2.9996	7.6095
0.00050463	1.09741020	0.00830244	19.9584	2.4640	9.7459
0.00041126	0.05738632	0.04711497	16.3486	2.7103	6.1113
0.00061986	0.83874053	0.02785736	16.1344	1.9463	8.5602
0.00027191	0.07172529	0.05093261	13.2944	2.2188	5.1442
0.00051944	1.05990577	0.04540251	17.1350	2.9583	6.1511
0.00058239	1.18460286	0.05958248	14.7007	2.6633	5.3280
0.00098468	0.27666402	0.00107783	19.9211	1.8408	12.0308
0.00029956	1.11785603	0.03959160	17.4412	2.2144	8.9834
0.00038478	0.56419843	0.06194476	14.1319	1.5551	8.9573
0.00045709	0.15777573	0.07150330	17.8525	2.1385	10.2464
0.00008468	0.17597830	0.09794291	17.4667	1.9037	11.4497
0.00091646	0.07276050	0.05902065	13.4169	2.5447	4.4936
0.00054379	0.32555187	0.09923699	16.6642	2.1583	9.7696
0.00091298	0.43236008	0.08812723	18.8732	2.0958	12.0394
0.00074555	0.96597922	0.05654763	12.9211	2.7559	3.7689
0.00057236	0.96985894	0.07175217	13.1875	1.8167	7.3333
0.00024749	0.90705258	0.05207815	18.9476	2.1623	10.8825
0.00036998	0.47180182	0.01239969	15.1549	2.6796	4.8401
0.00040693	0.59050488	0.00740405	16.4979	2.1015	7.7468
0.00056176	0.62815398	0.06027360	12.1650	1.7855	6.1054
0.00009030	0.20930631	0.08250187	16.8325	2.1227	9.5137
0.00023178	0.43458956	0.08851095	17.7931	2.2477	10.1625
0.00032756	0.12348874	0.04306838	17.6218	1.5983	11.6026
0.00044620	1.00746191	0.07388880	17.4828	2.4849	8.7349
0.00060014	0.11287633	0.07414379	12.2593	2.9718	3.4750
0.00062611	0.01366252	0.08305788	15.1010	2.4597	6.6249
0.00005580	0.34026369	0.06035534	18.9756	2.4929	9.5589
0.00076513	0.27693617	0.07481753	16.3114	2.9694	5.8560
0.00058159	1.13557649	0.00293346	15.0219	2.4281	5.3571
0.00077658	0.76849431	0.03482355	16.3946	2.1362	8.2158
0.00070213	0.93746167	0.09082435	16.6537	1.5959	12.2153
0.00048587	0.17754415	0.04768391	12.3837	2.7520	3.4768
0.00010305	0.97287261	0.04879358	12.1537	2.5938	3.5078
0.00085034	0.68156081	0.05698662	12.0171	2.6168	3.4585
0.00027186	0.74610555	0.03532781	15.8381	2.1866	7.3862
0.00031039	0.52746356	0.06503197	16.0231	2.7730	6.0252
0.00095549	0.93205565	0.02589804	15.9734	2.3806	6.7656
0.00023484	0.44847444	0.09324745	12.8418	2.1845	5.8510
0.00012541	0.95958060	0.06091220	18.5680	2.4048	9.7021
0.00081733	1.07765329	0.05006231	19.7086	2.0306	12.3347
0.00061009	0.51006174	0.09111723	12.3438	2.4620	4.5118
0.00024909	0.37549773	0.05832677	12.1773	2.4708	3.7568
0.00021083	0.16732568	0.05982561	14.9368	2.8495	4.8097
0.00083696	0.02267745	0.03060278	17.2408	2.3847	7.7991
0.00078749	0.01941270	0.07408540	19.7447	2.2973	11.5296
0.00075234	0.28593537	0.02794950	18.3629	2.2262	9.4651
0.00063366	0.47723252	0.05540536	13.9317	2.0825	6.4616
0.00019044	1.09532309	0.03563887	16.9934	1.5848	11.0793
0.00061908	1.02527535	0.08321255	17.0972	2.7521	7.5950
0.00008480	0.71779764	0.07829256	15.2097	2.7047	5.8119
0.00066310	0.28098774	0.01527049	12.7669	2.4769	3.7339
0.00095589	1.16033375	0.00898341	12.6590	2.5795	3.5545
0.00068840	0.38490859	0.02038359	13.9493	2.8842	3.9453
0.00067582	0.20695379	0.09641814	12.3650	2.1987	5.4849
0.00063636	0.93483114	0.06212292	17.5348	1.6588	12.0332
0.00046892	0.52916032	0.08014045	19.0033	1.8752	12.8317
0.00077733	0.83318388	0.03600610	13.1318	2.3680	4.4910
0.00032733	0.18559052	0.06747103	16.3515	2.6914	6.5647
0.00038475	0.71098936	0.06164048	13.6471	2.4262	5.1122
0.00067791	0.55673385	0.04776473	12.1866	2.1943	4.3798
0.00029082	0.27926806	0.08322529	13.8637	2.7017	4.7719
0.00086724	1.04183674	0.04370558	16.1235	2.1575	8.1614
0.00033916	0.26845536	0.02350912	14.8033	1.7533	7.7682
0.00035337	1.10766685	0.01366481	12.8202	2.1502	4.5124
0.00061588	0.89394855	0.01649240	16.3777	2.7106	5.7981
0.00077485	0.38443506	0.04946502	17.4443	2.2428	9.0303
0.00064890	0.82228768	0.04641704	19.1086	2.7148	8.7476
0.00093930	0.51250565	0.08543067	16.0329	2.8962	6.1350
0.00064797	0.24702664	0.09350547	12.6622	2.7182	4.0722
0.00088474	0.74037832	0.01028596	19.8553	2.6272	9.0609
0.00095624	1.18924630	0.04243967	17.8056	1.7231	11.6776
0.00023340	1.07605135	0.00540995	13.5033	2.9599	3.9516
0.00033732	0.30374974	0.06281026	15.6169	2.4817	6.5791
0.00044554	1.03693950	0.05538068	12.3140	2.7743	3.4596
0.00095219	0.21071468	0.05379898	14.2895	2.3037	5.9353
0.00036619	0.02836103	0.02651869	16.5888	2.9349	5.3843
0.00073463	0.87392884	0.01346211	13.8825	1.7676	6.8380
0.00012553	0.57997185	0.00795289	17.7510	2.2437	8.3301
0.00042683	0.15412065	0.08371514	18.0881	1.9287	11.6732
0.00091970	1.18034649	0.00376877	17.5609	1.9635	9.4785
0.00050725	0.02879399	0.07236127	12.6701	2.8279	3.6326
0.00010789	0.82780403	0.07622545	14.6550	1.6735	9.3199
0.00048000	0.49967286	0.06388480	19.4435	2.3803	10.6873
0.00063690	0.36167136	0.09711860	17.3852	1.7154	12.3855
0.00042934	0.56544775	0.01109827	13.6720	1.6735	6.8236
0.00009609	0.47875148	0.04659919	14.7144	2.2555	6.2373
0.00037799	0.07622357	0.00339770	18.3545	1.7199	10.8676
0.00057165	0.09217370	0.04282088	14.1821	2.7569	4.3134
0.00040141	1.18034232	0.07252131	16.6145	2.3313	8.5285
0.00069111	0.73048115	0.06116155	12.5601	1.9142	6.0441
0.00039591	0.65396202	0.05755129	15.7964	1.5180	10.6746
0.00097757	0.14202717	0.09898082	15.6601	2.9188	5.9545
0.00020500	1.13223672	0.09968080	12.4645	2.2353	5.6444
0.00049445	1.15750444	0.01766475	15.5286	2.6130	5.4379
0.00061784	0.54937422	0.01499487	17.9856	2.7498	6.9467
0.00087298	1.02286887	0.01031079	15.4798	2.0408	7.2728
0.00092773	1.03447998	0.00220224	18.2389	2.4755	8.0428
0.00073886	0.07536702	0.08758342	12.7272	1.6904	7.6286
0.00064845	0.18033926	0.07433216	12.3814	2.6527	3.7420
0.00084623	1.01790071	0.00529248	12.4516	2.5819	3.4817
0.00036958	0.39249152	0.06558371	19.0334	2.3288	10.4911
0.00089801	0.63576746	0.02416989	16.9282	1.9667	9.1763
0.00082870	0.71378350	0.01615226	17.7888	2.8773	6.4510
0.00092920	0.11049303	0.09266488	14.9985	1.7047	9.9792
0.00088605	0.04172252	0.03858579	17.4263	2.5320	7.5958
0.00045411	0.88947201	0.03228734	15.3041	2.7435	5.0745
0.00086597	0.78869623	0.08497872	13.6745	1.5509	9.3315
0.00005905	0.96688873	0.01278099	18.7893	2.1160	9.9914
0.00006242	0.08702259	0.09470361	18.5981	2.2673	10.8806
0.00087500	1.15268052	0.03167256	19.4866	1.8948	12.2892
0.00079221	0.39803085	0.09851596	18.6578	1.5309	14.5652
0.00061206	0.29272112	0.09023780	15.2014	2.3947	7.1942
0.00056014	0.40080363	0.03528300	14.1523	1.7008	7.7072
0.00068548	0.08741710	0.05568872	19.1084	1.8575	12.3357
0.00098717	0.95967996	0.07281578	16.5126	1.8173	10.7097
0.00017058	0.76022393	0.09637079	19.9971	2.2729	12.4718
0.00042017	0.11752165	0.03010947	16.4958	1.9396	8.7686
0.00034134	1.14260042	0.07253686	12.9679	2.2933	5.2818
0.00064682	0.37473035	0.06397459	13.2851	1.5328	8.2955
0.00049962	0.80918956	0.08793527	18.2745	1.7630	12.8981
0.00040249	0.20571820	0.06149749	19.6188	1.9578	12.5024
0.00025526	0.63919377	0.08475957	13.2691	2.5095	4.9534
0.00039853	1.17790675	0.09299721	17.3609	1.9007	11.5997
0.00097013	1.10302651	0.03933714	19.8117	1.7109	13.6185
0.00016842	0.23874192	0.09781425	17.1878	1.5051	12.9770
0.00026567	0.69387811	0.02076602	19.9992	2.1776	11.0670
0.00010934	0.53015792	0.04831413	16.2643	2.2661	7.6766
0.00028753	1.11310422	0.06364496	13.8384	1.8827	7.4466
0.00030870	0.13223422	0.04074923	14.0454	2.1704	5.7916
0.00060228	0.75264990	0.00113996	14.4080	2.1993	5.4647
0.00033588	0.43401963	0.02272565	14.7006	2.0851	6.4026
0.00058139	0.65417725	0.05873179	16.8576	2.6005	7.3094
0.00051327	0.02007589	0.05524582	18.3166	2.0378	10.7103
0.00015457	1.03452480	0.00967802	16.9293	1.9842	8.7080
0.00091631	0.50811404	0.07672101	17.6595	2.4992	8.8995
0.00086691	1.17338347	0.01257918	13.1159	2.6350	3.7314
0.00014833	1.18957400	0.03029092	16.4999	2.6012	6.4567
0.00073936	0.57124293	0.09750075	19.5195	2.6157	10.6809
0.00069862	1.17161775	0.07597977	17.2632	2.6998	7.8341
0.00064168	0.28186437	0.03183227	18.4763	2.9423	6.9860
0.00055568	0.97732663	0.04785935	17.2251	2.8800	6.5064
0.00037542	0.45097420	0.05663276	15.5120	2.5880	6.0302
0.00079393	0.97840697	0.03607529	15.3091	2.1763	7.1106
0.00023212	0.65909559	0.08159274	14.7710	2.7635	5.3392
0.00049268	0.38125843	0.01960551	12.4232	2.7611	3.5733
0.00035016	0.39495513	0.02560044	14.0514	1.7217	7.2525
0.00059739	0.61933124	0.05600254	12.9439	2.9991	3.6151
0.00042263	0.83586878	0.09015306	18.1171	2.2375	10.7191
0.00063012	0.46351042	0.06885514	13.0130	2.8942	3.7172
0.00018755	0.85121465	0.09610059	17.8513	2.5455	9.2718
0.00005263	1.17520404	0.01176809	19.3864	2.3630	9.5967
0.00022070	1.07792377	0.03266429	18.5731	2.7147	7.9434
0.00060354	0.72390026	0.09171410	17.5603	2.1632	10.5518
0.00041418	1.18074501	0.01562201	17.7424	1.8278	10.3704
0.00044028	1.15440726	0.08858126	14.7168	1.7471	9.5700
0.00037221	1.16592729	0.09718587	12.8019	1.9485	7.0759
0.00077972	0.75401688	0.01162679	12.0306	2.9802	3.9607
0.00031466	0.87176174	0.04726130	16.9007	1.6985	10.7532
0.00011332	0.20403951	0.04595242	17.9446	1.8976	10.6662
0.00090783	0.88163191	0.00222516	18.4639	1.9863	10.1506
0.00080654	1.13974226	0.03341153	16.9549	2.5742	7.1195
0.00017010	0.50271899	0.01118873	15.3232	2.6699	4.9610
0.00033055	0.79554552	0.06618460	19.9943	2.8005	9.6045
0.00040478	0.52069294	0.05308223	16.2921	2.1347	8.3947
0.00005113	0.12892826	0.05165810	12.3290	1.9889	5.0693
0.00052415	0.67370981	0.09211738	17.3961	2.0172	10.9953
0.00012934	0.75444764	0.09588458	13.9541	2.6310	5.3669
0.00071151	0.70922959	0.00754283	19.0597	2.0331	10.5661
0.00058575	0.61757392	0.08193840	14.5643	2.4985	6.1039
0.00089968	1.17070556	0.08709239	18.3665	1.9889	12.1861
0.00052481	0.72122300	0.07739013	14.9400	1.7211	9.5079
0.00070900	0.73430520	0.05574086	18.8260	2.3509	10.1344
0.00046759	1.06764090	0.06197605	19.4713	1.5179	14.5665
0.00072017	0.45814127	0.05201907	16.6411	1.6021	11.0346
0.00052572	1.15922463	0.01322738	12.0268	2.2698	3.6532
0.00080153	1.13228202	0.05280972	16.8635	2.1979	8.9273
0.00092758	0.52975529	0.06581248	15.0611	2.2262	7.2798
0.00091612	0.35722181	0.09034196	19.2705	2.6116	10.2716
0.00056494	0.27171329	0.06041119	12.1080	1.9507	5.3265
0.00083388	0.58071190	0.03366436	13.9655	2.1132	5.9723
0.00006734	0.61267221	0.08861966	13.5698	2.8145	4.3914
0.00051293	0.51958942	0.08911010	15.4651	2.6035	6.6538
0.00095490	0.23835337	0.03042206	14.8052	2.0862	6.7322
0.00065759	0.31278405	0.01953940	14.5173	2.7039	4.4320
0.00021870	1.09559226	0.07123026	15.3864	2.3464	7.2151
0.00042474	0.13803908	0.00254577	15.9137	2.4358	5.9053
0.00053977	0.68329614	0.08032092	16.3141	2.9787	5.9716
0.00088582	0.60234439	0.04876408	14.1949	1.6450	8.4452
0.00061439	1.02426541	0.02424062	16.4410	2.4993	6.6868
0.00094619	1.05276430	0.04715192	18.1722	2.6803	8.1383
0.00091082	0.02769678	0.05341646	16.2054	1.7873	9.7728
0.00019337	0.73260808	0.07968622	18.9606	2.0105	12.1668
0.00024619	0.32797113	0.02894752	16.1437	1.5941	9.8556
0.00038089	0.66978514	0.09968388	12.1922	1.5301	8.1964
0.00040288	0.65927047	0.04628696	16.5460	2.0197	8.9854
0.00052966	0.60277635	0.03087226	19.9507	2.6026	9.5672
0.00036288	0.70224947	0.04557193	13.3379	1.6881	7.2430
0.00011974	0.44517067	0.09574856	13.0541	2.2678	5.7663
0.00023422	1.03556609	0.03787866	16.9359	2.7943	6.3216
0.00025879	0.72811610	0.01331567	18.2658	2.1179	9.4816
0.00075013	1.01687968	0.09180766	19.7042	2.5603	11.0703
0.00080470	0.53641731	0.03438368	18.9953	2.1641	10.5492
0.00019135	1.14418268	0.09176958	15.1494	2.2955	7.6915
0.00028322	0.57241946	0.03522433	16.7088	2.3245	7.6340
0.00017204	0.66564971	0.04627032	19.5568	2.4614	10.0254
0.00010708	0.49369144	0.05134196	17.2648	2.9491	6.2399
0.00065744	1.06119752	0.06088470	14.8323	2.5287	5.8963
0.00086969	0.12373919	0.03123410	19.4586	1.6845	12.8949
0.00005455	0.05156471	0.02079879	19.0645	1.6873	12.0175
0.00092657	1.10175729	0.03627157	13.6489	2.9247	3.8079
0.00055273	0.49593467	0.08642750	13.5735	2.1270	6.6705
0.00009102	0.58397055	0.01173371	13.6496	1.9967	5.5522
0.00092495	0.92913920	0.02141754	13.5622	2.7749	3.8347
0.00063124	0.38481268	0.07928865	13.9534	2.0693	7.0745
0.00074990	0.41969746	0.07705313	14.6873	2.3484	6.6495
0.00057145	0.08529269	0.08732387	18.2620	1.6691	13.1027
0.00085481	0.49994189	0.00815472	13.9313	2.1148	5.4406
0.00060692	0.11565953	0.00157056	16.0377	1.5487	9.3484
0.00015175	0.85664493	0.04056418	17.1975	2.6632	6.9873
0.00048386	0.66758108	0.06824317	15.8615	1.9604	9.1230
0.00036645	0.10496549	0.04933630	13.8816	2.9681	3.9467
0.00057082	0.01603355	0.09382996	13.7195	1.6808	8.7346
0.00028267	1.11317813	0.07707296	17.7388	2.2232	10.1222
0.00054466	0.92496854	0.06390935	14.7024	1.7967	8.6673
0.00026315	1.05480909	0.02333352	19.6287	2.8613	8.1970
0.00083390	0.41378513	0.03496590	14.8965	2.1659	6.6235
0.00054655	0.61361271	0.03230841	19.8323	2.8476	8.5661
0.00059445	0.57298291	0.00768881	19.8754	1.7233	12.6190
0.00038780	0.93390250	0.01335596	15.6114	2.4966	5.7403
0.00017261	0.46227142	0.06543876	19.5817	2.4155	10.6284
0.00055707	0.61565059	0.07330783	16.7935	1.5418	11.9964
0.00027259	0.11410398	0.01878620	16.5570	2.9183	5.3237
0.00041769	0.57995301	0.06190670	17.5668	2.4650	8.5055
0.00075676	0.81054521	0.05711691	19.6472	2.9041	8.7773
0.00039726	0.17019038	0.04155705	13.3887	1.5265	7.7454
0.00008449	0.60014462	0.04788914	12.2376	2.8432	3.4973
0.00028753	0.69768709	0.05524264	16.6660	2.9719	5.8065
0.00072927	0.99796534	0.09330470	18.2924	1.6167	13.8340
0.00070729	1.06190395	0.06490110	18.0488	1.8706	11.7350
0.00040197	0.68868273	0.01141905	13.6605	1.7152	6.6762
0.00047992	0.32326084	0.03157165	18.3393	2.1183	9.9102
0.00087709	0.56758928	0.02129914	14.5983	1.7442	7.7542
0.00061073	0.31364462	0.08853388	13.8725	1.8435	8.1413
0.00044670	0.84115994	0.07854174	13.2748	2.7720	4.1996
0.00093356	0.58837950	0.05730104	19.3998	1.7894	13.1650
0.00091128	0.40756300	0.03843208	17.5637	2.6413	7.3979
0.00037773	0.74570590	0.08151492	18.8834	1.6506	13.7800
0.00045657	0.68240094	0.06121274	12.2145	1.8503	5.9047
0.00031590	0.99689752	0.09131446	13.5363	1.8813	7.8405
0.00040930	0.18512765	0.05365787	18.1980	1.7573	11.7765
0.00044119	1.10553622	0.08956812	12.9757	1.6716	8.2144
0.00088404	0.43104273	0.09837643	18.5444	2.9746	8.3472
0.00050213	0.67913222	0.00631918	18.8370	2.8976	7.0669
0.00060286	1.16575885	0.06207438	16.1175	1.6633	10.6684
0.00032159	0.20947115	0.04413965	14.4419	1.7846	7.7431
0.00016316	0.20203604	0.09108967	16.5604	1.8410	10.6850
0.00036748	1.13525212	0.07414022	12.5598	1.6793	7.3593
0.00048313	1.17150736	0.00634188	19.5098	2.5209	9.0753
0.00063679	0.87919301	0.01536011	14.4662	1.8196	7.2074
0.00031616	1.04698348	0.05640506	13.4105	1.9333	6.6478
0.00060386	0.91586834	0.00908768	19.6711	1.9048	11.7610
0.00059882	0.01291003	0.00116171	13.5474	1.8546	5.7487
0.00032921	0.11118360	0.00818067	17.6224	2.4486	7.4132
0.00068798	0.58743274	0.09742697	17.1984	2.5029	8.9120
0.00043302	0.29868615	0.06739527	16.9382	1.5072	12.0163
0.00039556	0.86938018	0.08591460	16.1608	2.3702	8.1824
0.00042551	0.57506633	0.01546268	15.5619	2.6496	5.2523
0.00035474	0.13678136	0.03051863	19.9679	1.6656	13.3320
0.00085487	0.21684669	0.07139899	19.0304	2.8929	8.4456
0.00065820	1.03693545	0.06335180	16.4460	1.7585	10.5874
0.00039875	0.17659383	0.03475766	16.3080	2.6777	5.9898
0.00066533	0.39360157	0.08850900	12.5406	2.4852	4.5318
0.00078948	0.78270376	0.06988315	17.8091	2.6227	8.4283
0.00045969	0.22724453	0.04996549	14.2256	1.8252	7.5416
0.00038335	1.19263732	0.02723344	12.2134	2.8574	3.5228
0.00050974	0.52143168	0.09435856	14.3925	1.9886	8.2111
0.00037900	1.11213005	0.01112132	19.0704	2.4676	8.9316
0.00079581	0.94491845	0.09330349	17.1098	2.7524	7.8589
0.00089819	0.09352803	0.00142612	19.4416	1.8056	11.6531
0.00026867	0.92462510	0.05016684	15.5867	2.2106	7.4219
0.00052035	0.57966137	0.03111392	12.4086	2.7954	3.5006
0.00027840	1.17376494	0.06172852	14.2542	2.6695	4.9415
0.00038529	0.46546695	0.08529206	12.8061	2.1989	5.6151
0.00045079	0.14723234	0.05494642	17.6044	2.3764	8.6409
0.00084838	1.17356169	0.06007722	14.8282	2.6519	5.5221
0.00095482	0.65594113	0.05452474	12.4001	2.4586	3.9779
0.00068309	0.59562314	0.04825669	17.5836	2.0433	9.9938
0.00070625	0.62232393	0.08961501	14.4086	2.3356	6.7781
0.00056824	0.46605104	0.00626194	13.2711	2.0282	5.0749
0.00030235	0.11602227	0.03812046	17.1850	2.4179	7.6918
0.00084426	0.46608099	0.08202133	17.5450	2.3603	9.4573
0.00061476	1.06097794	0.00560933	13.5138	1.6523	6.7932
0.00061078	0.67583323	0.01183585	14.3172	1.8483	6.8258
0.00051249	0.79666400	0.05912532	14.8616	1.8920	8.2574
0.00014378	0.04240046	0.08084210	13.7608	2.0278	6.8917
0.00051951	1.04696345	0.01633941	14.2203	1.6296	7.7804
0.00008640	1.17933536	0.06189381	18.7821	2.8553	8.2116
0.00064941	0.49634951	0.00519523	17.2404	2.6351	6.5168
0.00097668	0.67942905	0.01415661	17.1104	2.7808	6.1653
0.00072626	0.02579012	0.05528315	17.8683	2.7615	7.4660
0.00016218	0.74332559	0.05502321	19.2166	1.5979	13.6027
0.00044006	1.14182782	0.08503586	13.5402	2.6104	5.0019
