a	b	d	c	h	rmse
0.00070042	0.52283114	0.08778121	13.9785	1.7252	8.8159
0.00047306	0.17982225	0.03248163	13.2308	1.6676	6.8168
0.00032683	0.86049300	0.05594710	19.6180	2.6898	9.4701
0.00088599	0.35469517	0.09709381	18.2943	1.9330	12.3869
0.00020824	0.96536708	0.05119772	13.5033	2.9691	3.8106
0.00044469	0.68579805	0.01079923	18.9880	1.8365	11.3257
0.00023998	0.05677654	0.03002578	15.9347	1.7364	9.0062
0.00039759	0.88382208	0.03852005	19.6710	2.5308	9.7852
0.00051818	0.50359434	0.04153435	14.9633	2.0591	7.1923
0.00088136	0.47043300	0.01444889	13.6141	2.3226	4.6366
0.00022220	0.92959255	0.01609261	16.9277	2.4928	6.9097
0.00083510	0.22893585	0.06112059	17.0539	1.9052	10.3212
0.00086479	0.20739037	0.03649285	16.9611	1.5722	11.0672
0.00097583	0.02871171	0.07567215	19.6104	2.0617	12.5027
0.00018463	1.19435799	0.01826824	12.9134	1.6766	6.3356
0.00098835	0.66075724	0.09757484	17.7368	2.6953	8.7443
0.00049037	0.98778015	0.09677864	18.0557	1.5416	13.9571
0.00065789	0.21675669	0.03314837	16.4284	2.1245	8.1025
0.00036915	0.65032840	0.07804984	18.2208	1.5692	13.3675
0.00074757	0.39242500	0.05294489	18.4064	2.4922	9.0206
0.00076243	1.09517419	0.02478143	17.0125	2.1068	8.7757
0.00054159	1.19024074	0.06279308	17.0696	2.0567	9.9097
0.00080615	0.42837137	0.08166663	12.1121	2.6897	3.6478
0.00092371	0.11507813	0.01601819	17.0561	1.8879	9.3229
0.00028248	0.32374316	0.03002060	19.8574	2.6510	9.1666
0.00077002	0.68310326	0.07317193	14.6914	2.1892	7.2537
0.00091546	0.91074312	0.05651171	14.3756	1.8538	8.0176
0.00094650	0.89286041	0.02335219	15.9284	2.2014	7.3338
0.00028982	0.84471792	0.09234159	15.7270	1.6731	10.8520
0.00021559	0.93583214	0.00970929	12.0731	2.5147	3.4353
0.00055615	0.67001468	0.05533201	15.0119	1.8556	8.4408
0.00070388	0.12170521	0.03589536	13.0108	2.9513	3.6888
0.00054589	0.96056068	0.00678398	12.8342	2.1797	4.3445
0.00033747	0.54045516	0.07330228	14.6584	1.7542	8.8833
0.00012751	0.33855897	0.06295370	18.8504	1.9383	11.8302
0.00030537	0.32125479	0.07376154	15.9233	2.2331	8.0570
0.00045329	0.28408611	0.06351198	18.1214	2.0258	10.8233
0.00008935	0.64397645	0.00575374	14.0415	2.3190	4.8164
0.00075583	0.83570039	0.09971251	15.8874	2.8030	6.6749
0.00037433	0.73884141	0.08101963	16.6162	1.8276	10.7451
0.00078760	0.49630767	0.01492234	13.2728	1.5798	6.9674
0.00021079	0.16757499	0.05818018	16.9025	2.3093	8.2658
0.00073549	0.24973062	0.07880744	15.8001	1.7832	10.0445
0.00073804	0.81127560	0.05350099	14.5169	1.9635	7.5536
0.00094206	1.16817594	0.01379046	13.5696	2.7974	3.7998
0.00064408	0.86177003	0.02483924	12.5620	1.5888	6.5258
0.00010306	0.82188952	0.02128757	19.2108	1.8138	11.8343
0.00023883	0.73957121	0.09604629	17.9939	2.1953	10.8538
0.00006692	0.11511912	0.06799806	16.4372	2.7614	6.3584
0.00065219	0.09133468	0.06704381	16.8780	1.6666	11.2471
0.00056112	0.09396510	0.09837715	13.7232	2.8440	4.5616
0.00097166	0.24865390	0.05471142	16.1213	1.7109	10.1268
0.00016176	0.12101918	0.04159414	12.1023	1.6908	5.7735
0.00067958	0.31905001	0.03269624	19.8510	2.0595	11.7000
0.00072711	0.98066747	0.05389350	15.4317	1.9321	8.6173
0.00091577	0.59071159	0.05977499	12.5025	2.2285	4.8174
0.00050306	0.69528383	0.02294355	17.9382	1.7718	10.8716
0.00093500	0.54177123	0.04252597	18.0192	1.9222	10.8469
0.00089033	0.90361857	0.00638957	18.4376	2.2216	9.2588
0.00041986	1.06218815	0.07862137	14.6959	2.8923	4.9575
0.00037531	0.04755123	0.02201146	14.3350	1.6355	7.7214
0.00087004	0.42826435	0.01393265	15.5479	2.8613	4.7622
0.00094980	0.78121328	0.02246962	17.0477	2.7678	6.2976
0.00046796	0.45025811	0.00270731	18.0590	2.7814	6.6845
0.00043467	0.24433699	0.08856465	18.6246	2.9144	8.2863
0.00092888	0.74788392	0.04025921	16.5677	1.5825	10.8892
0.00034241	0.62758458	0.03798052	18.6388	2.9159	7.3344
0.00005823	0.12844366	0.03184940	12.5239	2.4328	3.7634
0.00021801	0.73178321	0.03977205	13.9418	2.3952	5.0394
0.00045554	1.16470551	0.06428807	12.2664	2.2089	4.8117
0.00053765	1.09291875	0.03500969	15.8360	2.2286	7.3499
0.00026564	0.44444209	0.06866463	13.0655	1.8168	6.9191
0.00051904	1.06902242	0.04036988	13.5848	2.2554	5.3046
0.00077816	0.19805561	0.08415353	14.6750	2.1275	7.6318
0.00057932	0.15117481	0.06453479	12.9573	1.8779	6.4711
0.00042256	0.51002961	0.05184365	13.9094	2.6959	4.3884
0.00014989	0.73152399	0.03798953	14.4352	2.0048	6.8020
0.00070758	0.65443528	0.05986925	13.4078	2.6964	4.1867
0.00070142	0.44866630	0.06584983	14.5893	1.9253	7.9773
0.00079571	0.04805561	0.06009753	15.8354	2.5872	6.3783
0.00059982	0.41340765	0.04893129	14.3186	2.9456	4.1655
0.00024922	0.78599244	0.00255463	12.2608	1.5444	5.8271
0.00081622	0.90478879	0.02518963	14.5813	2.8875	4.2471
0.00038636	1.17192864	0.09516571	18.7500	1.7073	13.8793
0.00051067	0.57490045	0.02985538	16.4364	1.6565	10.0268
0.00047614	0.86706513	0.04746788	17.0829	2.5487	7.4955
0.00009438	0.88413405	0.00200501	17.6263	2.4170	7.5180
0.00069250	1.06106460	0.02283414	18.8841	2.4892	8.9690
0.00062301	0.48192593	0.06890500	19.2691	1.6326	13.9110
0.00047396	0.32350746	0.01665106	16.6557	2.7740	5.7543
0.00049347	0.05364514	0.09403403	13.4987	2.9583	4.1008
0.00010829	0.40574244	0.05262713	12.2377	2.5830	3.5632
0.00026806	0.99209338	0.04858164	19.8466	2.1467	11.7698
0.00015089	1.14437127	0.06438538	16.7439	2.0481	9.5553
0.00096415	1.09380794	0.07112364	13.9909	1.5076	9.5815
0.00090222	0.83006805	0.02807610	18.9845	1.9191	11.5260
0.00078319	1.00515854	0.03869577	12.5513	1.5126	7.2373
0.00018573	1.16805363	0.05372950	16.6609	1.5811	11.2378
0.00099048	1.07845974	0.01715716	14.8716	2.6766	4.7936
0.00049438	0.80631655	0.05337900	12.5637	2.7372	3.5725
0.00042972	0.69678420	0.05118132	18.4694	2.5200	8.9315
0.00038780	0.32922465	0.07477912	14.0388	2.1172	6.7832
0.00039355	0.98657078	0.03065807	19.0864	1.8785	11.7724
0.00010378	0.15179658	0.09828255	14.3534	2.6053	5.7079
0.00090189	1.02479744	0.01899503	19.7900	1.9069	12.2040
0.00064672	1.14334965	0.03374464	18.3317	1.9828	10.7647
0.00063077	0.52676886	0.02091008	14.3150	2.8582	4.1188
0.00011833	0.04012455	0.05583798	13.0240	2.9413	3.7087
0.00020472	0.35423079	0.09472893	14.1598	1.7428	8.9128
0.00058487	0.84351581	0.04135234	17.0351	2.8892	6.1840
0.00077815	0.83829105	0.08007506	14.9306	1.5832	10.2801
0.00070636	0.06649530	0.07165873	15.2706	1.7942	9.2386
0.00078548	0.27180627	0.08227113	18.6779	1.7326	13.2135
0.00080731	1.12571990	0.03807914	16.9026	2.8698	6.1571
0.00041234	0.03352023	0.05397602	16.6514	2.2434	8.2076
0.00089923	0.52562422	0.04951337	16.8766	2.2093	8.6871
0.00091459	0.10995921	0.03842032	18.5933	2.8654	7.4721
0.00034813	0.81197643	0.03831841	12.8449	2.2059	4.7182
0.00048353	0.77508086	0.09952810	12.5984	2.9177	3.8091
0.00037474	0.65091902	0.02569107	13.9276	2.2298	5.3146
0.00081721	1.07727492	0.07309847	17.0320	2.8858	6.8810
0.00040564	1.12962663	0.04387725	19.6003	2.0187	12.0331
0.00036497	0.05134674	0.04376564	16.1083	2.4891	6.5683
0.00017648	0.70721811	0.01246866	12.9968	2.3246	4.1305
0.00014016	0.15276696	0.05724109	14.9029	1.5163	9.5878
0.00059674	0.58428371	0.03643811	13.9233	1.9001	6.7582
0.00014539	0.22564699	0.05627381	17.1750	2.3136	8.4630
0.00075427	0.16437621	0.04981450	17.0018	1.7587	10.5837
0.00048667	0.35606581	0.07549085	14.8829	2.7308	5.3976
0.00014629	0.92960525	0.09242836	18.6844	2.9126	8.5323
0.00046381	0.69090647	0.02463726	16.0510	2.4057	6.5841
0.00034166	0.90935743	0.01506395	15.8358	2.4443	6.1137
0.00026301	0.15080051	0.01984365	19.6265	2.6485	8.7235
0.00012896	0.90392172	0.07822517	17.4059	1.8884	11.1626
0.00042822	0.76731992	0.09442890	17.2169	2.0009	10.9503
0.00047568	0.20003475	0.05970087	19.5382	1.5316	14.2734
0.00078412	0.48967469	0.01651118	15.8332	2.2527	6.7972
0.00006912	0.69275659	0.09191014	18.8631	1.8265	13.1468
0.00039882	0.43403333	0.00686029	12.9400	2.0857	4.6079
0.00077790	0.84900910	0.06732601	19.1845	2.2764	11.1206
0.00085343	0.84434992	0.00344261	19.2656	2.4276	9.1512
0.00032004	0.51917779	0.01961360	13.8664	2.0627	5.6832
0.00050572	0.88158441	0.05877888	17.9276	1.6452	12.3450
0.00081777	0.44681644	0.03523818	14.4705	2.4893	5.1477
0.00058771	0.87947816	0.03978186	16.8444	2.9220	5.9104
0.00060462	0.01959634	0.00347725	13.4904	1.6212	6.6166
0.00067765	0.94339550	0.08217633	14.6918	1.9510	8.5073
0.00058720	0.82562619	0.07214615	14.7215	1.6716	9.4200
0.00044752	0.35461926	0.08859230	19.2629	1.8932	13.1721
0.00079023	0.22927858	0.07807392	17.2797	1.8358	11.2593
0.00097051	0.67597747	0.03746711	14.9350	1.5671	9.2690
0.00021846	0.68808389	0.02854997	19.9424	1.6452	13.4563
0.00033409	0.49359632	0.02926792	18.6398	1.7871	11.5516
0.00053231	0.04642408	0.06652627	12.7324	2.6028	3.9380
0.00087323	0.46584168	0.01874304	12.3443	1.5920	6.1248
0.00030818	0.94260365	0.06409790	13.6549	1.5174	8.7925
0.00023624	0.95425272	0.02120924	15.7512	2.5185	5.8987
0.00030282	0.10951115	0.00213502	14.5943	1.6363	7.5354
0.00090213	1.09485722	0.06432316	18.6597	1.7194	13.0543
0.00095387	0.58451825	0.09066689	19.2085	1.7369	14.0771
0.00087309	0.72777295	0.00908004	16.4008	1.8750	8.7207
0.00095756	0.83062315	0.02397371	17.8449	2.2892	8.8021
0.00032171	0.63901579	0.08925526	17.7771	2.3396	9.8580
0.00058985	0.14144562	0.02704402	14.3745	2.3949	5.1452
0.00037189	0.99137545	0.01586313	13.7963	2.5246	4.3174
0.00059396	0.87928540	0.04582704	13.8203	1.7820	7.4285
0.00075094	0.20384127	0.06308366	15.9582	1.8712	9.4146
0.00085448	0.73445857	0.06724938	14.3297	2.4125	5.9626
0.00056796	1.03001904	0.00446079	13.0910	2.9164	3.8231
0.00092312	0.13917418	0.04775838	16.0853	1.8501	9.2815
0.00055877	0.76675600	0.09256581	12.2514	2.5654	4.2171
0.00057780	0.05927666	0.02489473	19.3232	1.6393	12.7120
0.00040269	0.50284117	0.02339516	17.2444	1.9770	9.2737
0.00075270	1.16654336	0.08087090	13.4414	2.5059	5.2333
0.00093374	0.94152182	0.01409651	13.3087	1.7423	6.4672
0.00005900	0.21115318	0.00117827	12.6455	2.6371	3.7554
0.00015957	0.89453274	0.00732818	12.2841	1.9788	4.4322
0.00080933	1.09956861	0.05040835	12.9974	2.7346	3.7978
0.00030856	0.44811651	0.04575768	13.2905	2.9964	3.7544
0.00065523	1.10578895	0.04288808	13.5554	2.8454	3.8823
0.00098739	0.92562336	0.04461823	14.9715	2.2764	6.6293
0.00016675	0.41855621	0.05658950	15.2990	1.6079	9.6419
0.00054977	0.89177060	0.05330875	13.3564	1.7256	7.3890
0.00035380	0.13405447	0.00287996	15.8480	1.7195	8.4340
0.00013885	0.46539438	0.00397665	13.5607	1.9164	5.6003
0.00045343	0.16729163	0.03089294	16.3499	1.7707	9.3651
0.00005196	0.53324145	0.07948579	19.3692	2.4826	10.4682
0.00010908	1.08659732	0.01601337	14.5163	2.5922	4.6655
0.00011421	0.58223093	0.02598182	15.5512	1.5735	9.3235
0.00076838	0.35983437	0.00807602	15.6698	2.1292	6.9094
0.00011413	0.89128208	0.03829730	14.9731	2.6080	5.2384
0.00026048	0.83140451	0.03488883	17.5553	1.8828	10.2804
0.00097245	1.01898074	0.00982110	19.6473	2.7141	8.6082
0.00032165	0.13405128	0.00953359	19.9029	2.9266	7.8269
0.00023208	0.58472162	0.03797981	17.1990	2.2884	8.2833
0.00032477	0.28526020	0.04453097	18.5337	1.5836	12.6465
0.00072079	0.07992963	0.00439812	19.6709	1.9882	11.1303
0.00078260	1.11773336	0.04744942	16.3082	2.4150	7.4037
0.00016722	0.08590694	0.06027538	16.9834	2.5568	7.4153
0.00070633	1.17949390	0.06785937	15.5019	2.6202	6.3500
0.00019437	1.02470469	0.09514900	15.0967	2.6553	6.3254
0.00022739	0.04115289	0.00702284	19.7467	1.9048	11.4873
0.00020096	0.27061886	0.06094889	13.5672	1.8213	7.1344
0.00019904	0.43120506	0.03968129	17.5236	2.4515	7.9563
0.00073142	0.23219833	0.07213353	14.9510	1.5817	9.9122
0.00025667	0.35070026	0.04876985	15.1206	2.8612	4.7961
0.00080954	0.28048438	0.07837246	17.4012	2.5164	8.5428
0.00023849	0.76226711	0.00542851	15.9817	2.8290	5.0447
0.00052415	0.78698415	0.05196712	16.9586	2.6902	6.9539
0.00028788	0.10166471	0.01713419	14.7968	1.8674	7.1239
0.00067633	0.22757308	0.01862757	12.1604	2.4883	3.4486
0.00093866	0.36949390	0.07906464	19.6686	2.3809	11.3537
0.00072840	0.14836408	0.05363110	19.3131	2.8868	8.3146
0.00074178	0.31229576	0.09489119	13.4010	1.6323	8.7973
0.00043777	0.35170889	0.01275762	19.2315	2.1221	10.3347
0.00041679	1.17189360	0.09102289	14.0902	2.7997	4.9954
0.00020319	0.95902139	0.08060221	12.0451	2.2150	4.8579
0.00005666	0.83433557	0.00332538	13.1487	2.6522	3.8026
0.00077399	0.16458949	0.09443310	16.5205	1.9676	10.3414
0.00015923	0.60238194	0.03552709	17.6165	2.5962	7.4541
0.00093229	0.65420449	0.05060390	15.8139	1.6330	10.1596
0.00063973	0.71611124	0.04335374	19.7825	1.8379	12.9361
0.00037200	0.55922818	0.02627327	16.9101	2.2058	8.1066
0.00025892	0.50798321	0.04917613	19.0556	1.7764	12.4742
0.00096208	1.17836070	0.09768301	16.0609	2.6884	7.3412
0.00037506	0.83648866	0.03031792	15.0151	1.5068	9.3182
0.00052825	0.73447204	0.05615641	13.9933	2.2580	5.9125
0.00048212	0.39516628	0.07833068	18.8724	1.8069	12.9238
0.00093480	0.02931120	0.06801601	18.7691	1.8986	12.1813
0.00015910	0.13843459	0.01305530	14.8172	2.4076	5.2208
0.00084336	0.64650744	0.09656721	12.0992	2.9000	3.5560
0.00058660	0.15132120	0.04230094	17.8053	1.8673	10.6766
0.00050792	1.04281700	0.05051477	19.8666	1.5428	14.5576
0.00077502	0.53412914	0.09608840	14.7694	2.6478	6.0908
0.00057172	0.53156704	0.05251378	18.7205	1.7166	12.5785
0.00032727	0.22901529	0.05203611	18.0710	1.8429	11.2311
0.00087893	0.68762380	0.03100874	13.7199	1.9533	6.3253
0.00047572	0.58334213	0.00209586	13.6290	2.8797	3.9430
0.00071396	0.71602905	0.03402349	19.4840	2.7852	8.5629
0.00008240	0.05267446	0.06483742	19.8324	2.5766	10.0806
0.00064812	0.38135090	0.08825591	16.2099	2.8917	6.2793
0.00085464	0.29081619	0.05065320	19.4631	1.9360	12.3182
0.00078523	1.01383638	0.05836808	16.7224	2.1267	9.1855
0.00055889	0.46500427	0.05318996	18.8739	1.9149	11.8601
0.00074783	0.34662411	0.05771229	16.8187	2.6487	7.0436
0.00058437	0.06289335	0.00874909	15.7006	2.7981	4.9135
0.00043445	0.94161695	0.04554509	18.9049	1.6415	12.9909
0.00010623	0.26713693	0.09975646	16.9556	2.0211	10.5188
0.00072191	0.19058681	0.01083022	12.5230	2.1987	4.0431
0.00044569	0.14663929	0.09738764	12.0940	1.5776	7.6979
0.00043973	0.55185777	0.01344830	17.4233	2.8264	6.1973
0.00039104	0.37290767	0.08365234	19.0423	2.2302	11.3557
0.00042278	0.61636740	0.03046218	19.1344	2.2348	10.2306
0.00068150	0.16094181	0.01444580	16.1305	2.8466	5.1609
0.00089759	0.04669908	0.09075444	19.1612	1.8576	13.3260
0.00099090	1.14084125	0.06535418	18.8196	2.0161	11.9702
0.00086072	0.43687823	0.09216388	12.4181	2.9890	3.5621
0.00097250	0.71363688	0.06240946	15.9695	2.6201	6.6027
0.00031122	0.73242080	0.06377567	13.4920	1.7018	7.7759
0.00018011	0.88781685	0.05125981	15.7722	1.5524	10.3454
0.00017074	0.72923791	0.06024398	15.5932	1.5485	10.3678
0.00009191	1.04483855	0.04712036	13.9174	2.2079	5.8179
0.00027729	0.39150220	0.04090454	13.5734	1.9386	6.2641
0.00054263	0.32025051	0.02421784	14.0855	2.0800	5.9058
0.00085120	0.70872867	0.05936894	19.9961	1.7362	14.0537
0.00097243	0.34036890	0.03318612	13.2569	2.5196	4.1172
0.00079015	0.60822517	0.03667501	19.0508	2.4626	9.4491
0.00073956	0.08057956	0.02993386	13.4494	2.6392	3.9645
0.00060623	0.80537260	0.08445906	13.8421	2.1959	6.6947
0.00088204	0.69837898	0.03045118	16.5811	2.9357	5.5337
0.00099213	0.75745493	0.04387905	15.0290	2.4314	6.0626
0.00016419	0.92989826	0.09771270	17.8941	2.5116	9.5052
0.00069348	1.08061481	0.00180612	18.6167	2.3530	8.8140
0.00057039	1.03864503	0.05592099	12.5241	1.5961	7.2388
0.00031208	0.23184162	0.08182710	15.2517	2.2194	7.6463
0.00096541	0.63379240	0.02634973	18.4460	1.6822	11.9447
0.00099059	0.14277831	0.01701012	13.6288	1.5787	7.3266
0.00060057	0.41556421	0.00921273	14.9765	1.8037	7.5117
0.00005689	0.78547281	0.01809516	13.8134	1.8459	6.4035
0.00056509	0.89408129	0.05541861	16.0331	2.4567	7.0675
0.00029166	0.94179416	0.02599814	14.5794	2.1965	6.0476
0.00011117	0.20381765	0.03201558	14.9348	2.0174	6.9704
0.00086978	1.03957367	0.02395600	16.4931	2.8053	5.7791
0.00033733	1.01290381	0.09078118	16.6384	1.9158	10.7028
0.00043114	0.87427235	0.01739408	12.9897	2.9746	3.8159
0.00076273	0.81336564	0.02345341	12.7602	1.8123	5.8117
0.00040971	0.77255988	0.00570589	13.7649	2.0717	5.3771
0.00029397	0.27346724	0.03681447	14.4067	2.7498	4.4176
0.00054997	0.20354761	0.00621189	17.5484	2.7998	6.2414
0.00026968	0.89321387	0.09252191	16.6787	1.9586	10.5490
0.00066121	0.80616158	0.09278475	19.2973	1.8708	13.6022
0.00007278	0.55708057	0.00689884	19.7675	2.4162	9.5219
0.00036755	0.80001962	0.09861850	16.7075	2.2093	9.6625
0.00008146	0.38462991	0.08241040	14.5076	2.1527	7.2074
0.00037396	1.11822832	0.03457449	17.3033	1.8220	10.3873
0.00036404	0.55932778	0.06173581	18.6121	2.7329	8.4286
0.00018088	0.94114757	0.00544509	19.3981	1.6462	12.4175
0.00060551	1.06477857	0.08142103	13.0894	2.5165	4.8647
0.00060865	0.17284712	0.02722013	13.5866	1.6976	6.9476
0.00025922	0.25716543	0.04021568	18.5659	2.1971	9.9342
0.00050923	0.71262538	0.05297951	13.3909	1.7854	7.1091
0.00032757	0.48927048	0.08269586	13.3423	2.7895	4.2101
0.00051909	0.06420506	0.09392434	16.9547	2.2425	9.4850
0.00039361	0.76619446	0.00525544	14.6962	2.8964	4.2454
0.00044838	0.49915329	0.01020611	16.5096	1.5343	10.1238
0.00025834	1.02770078	0.05530552	13.4272	1.5808	8.0810
0.00052005	0.82746029	0.03810650	18.2160	1.8998	10.9960
0.00074089	0.08980395	0.02079749	13.5250	2.1394	5.1374
0.00014592	0.47127041	0.05215087	18.7980	2.9047	7.7165
0.00020200	0.79117143	0.05789270	13.5187	2.4456	4.8628
0.00068093	0.20201533	0.08024425	13.6324	1.9026	7.4383
0.00095637	0.69953424	0.03070050	19.1152	1.5478	13.3205
0.00042733	0.13849388	0.02564862	16.3681	1.9764	8.4043
0.00059824	0.90583026	0.06291321	13.6895	2.6032	4.7028
0.00041344	0.48586068	0.07390060	17.1918	2.9556	6.6046
0.00053509	0.75874710	0.03214084	13.5357	2.1213	5.5046
0.00084044	1.01654136	0.03552948	12.5831	2.9368	3.5187
0.00014391	0.83465904	0.09952669	14.5167	1.9102	8.7857
0.00094548	0.89395607	0.01536404	13.7880	1.7360	6.9691
0.00090236	0.84351641	0.04096689	17.6600	2.8839	6.7722
0.00019734	0.05986786	0.00850438	19.9640	2.7853	8.3077
0.00035324	0.67009622	0.03303615	18.3313	1.5332	12.4940
0.00050005	1.11454046	0.00386491	14.7285	1.7866	7.3656
0.00046644	0.91966563	0.08258218	13.0481	2.5126	4.8118
0.00033478	1.07597542	0.05936936	12.1007	2.0429	5.0961
0.00009347	0.36589849	0.02697256	13.3670	2.2676	4.6785
0.00068356	0.37759030	0.00205974	16.5943	1.9149	8.4703
0.00070512	0.55954647	0.07340224	12.0952	2.0425	5.3695
0.00041299	0.55411839	0.09071992	15.2589	1.9910	8.9265
0.00033311	1.06037915	0.05274553	13.8304	2.9971	3.9253
0.00080835	0.02418406	0.06136726	12.5332	2.4712	4.0419
0.00099929	0.21823429	0.06506889	13.0429	2.2114	5.3999
0.00030106	0.70446229	0.09588274	15.4816	1.6830	10.6240
0.00048914	1.05623591	0.02873892	14.7260	2.0419	6.8769
0.00048755	1.14965820	0.06083022	13.2699	1.8378	7.0780
0.00015432	0.35171455	0.02488398	17.9250	1.6727	11.1552
0.00067270	0.35576966	0.01273415	14.9496	2.8703	4.3909
0.00013669	0.06888719	0.05981363	15.9896	1.7722	9.5931
0.00028175	0.18949570	0.00129814	15.7797	1.9690	7.3556
0.00071296	1.07199812	0.08953582	19.1770	2.9555	8.9183
0.00094798	0.25072929	0.01093222	17.5421	2.1312	8.7288
0.00071326	0.99858069	0.06753937	17.5854	1.6167	12.4498
0.00089747	0.84169924	0.00376655	14.1593	1.7260	7.0875
0.00013162	1.00485647	0.03784416	13.9732	2.1577	5.8580
0.00078445	0.81213731	0.01400377	18.2274	1.9366	10.3475
0.00081344	0.16623557	0.09034527	16.9241	2.3684	8.9467
0.00061706	0.90566236	0.05531986	18.4175	1.9064	11.6336
0.00015419	0.39467248	0.00811716	14.6070	1.6478	7.6590
0.00025378	0.68197733	0.06158035	18.7085	1.6920	12.8575
0.00096322	1.13432217	0.03272514	12.4410	2.0387	4.9900
0.00074927	1.07934701	0.05196976	18.4974	2.7594	8.2081
0.00035568	0.57506132	0.02163683	15.7713	2.9622	4.7844
0.00017981	0.68434560	0.04056827	14.0392	2.9346	4.0170
0.00069330	1.08148503	0.09873576	12.8145	2.9867	3.8609
0.00029045	0.63094389	0.00990845	16.8608	2.5016	6.6719
0.00059732	0.22449389	0.08885186	13.1632	2.1691	6.1258
0.00078799	0.06140590	0.03794635	15.2856	1.8735	8.1230
0.00099393	1.00398946	0.03332782	13.6602	2.0443	6.0694
0.00057719	0.71019012	0.09271639	15.3233	2.1652	8.3951
0.00011605	0.89503682	0.04786709	15.7274	2.3954	6.7652
0.00058084	0.75784528	0.04780403	18.3967	2.7427	7.9859
0.00075548	0.08242557	0.02784915	17.0072	2.7106	6.3935
0.00080820	1.05377126	0.09682167	18.7477	2.3542	11.1681
0.00059170	0.22510040	0.01419980	17.9672	2.7266	6.9376
0.00045831	0.62602419	0.03378351	19.3838	1.6754	12.9460
0.00095075	1.05585694	0.03317305	14.4873	2.8335	4.3616
0.00087558	0.96374220	0.09657958	17.3874	2.7129	8.3724
0.00069079	0.69616735	0.01286879	12.0975	1.7961	5.0088
0.00068644	0.08245111	0.01775918	16.9438	2.0563	8.5081
0.00049743	0.43319955	0.04681794	12.6468	2.3141	4.3368
0.00037657	0.26568264	0.00905810	12.6292	1.7709	5.3697
0.00013203	0.55043805	0.08794759	19.4663	1.9377	13.1269
0.00019931	0.40145618	0.09286168	17.0185	1.8569	11.1763
0.00066253	0.34597948	0.08666986	17.7951	2.7701	8.0969
0.00031343	1.08262897	0.00899521	17.3487	2.1615	8.4338
0.00009451	0.43253040	0.03952978	12.0933	2.8699	3.5894
0.00033480	1.17176843	0.07180617	13.6971	1.9328	7.3347
0.00077124	0.45447436	0.09206435	16.0305	2.8954	6.2296
0.00047882	1.05797923	0.06083686	18.9560	2.8254	8.5129
0.00074675	0.74929184	0.04344221	16.3822	1.8162	9.7244
0.00044026	0.05391893	0.02920785	17.0307	2.5070	7.0674
0.00033773	0.42938906	0.00370204	19.6536	1.7932	11.9104
0.00051851	0.07301287	0.06122509	14.3085	1.5313	9.1182
0.00038322	0.46447492	0.03800704	15.5779	1.6540	9.3304
0.00062414	0.80798531	0.05362610	15.1793	2.8057	5.1338
0.00060945	0.43614036	0.07824719	14.5531	1.5773	9.7225
0.00043786	1.05797434	0.05443808	17.5846	1.6072	12.0930
0.00021339	0.56874079	0.03622340	16.5715	1.6298	10.3501
0.00035075	0.71956623	0.09147032	19.6564	2.9410	9.2991
0.00050560	0.86381996	0.02499699	13.9189	2.2972	5.1350
0.00099342	0.57864660	0.01925586	16.0537	1.9813	8.1719
0.00097255	1.10483003	0.07708482	17.4252	2.9462	7.1385
0.00071272	0.27846017	0.03627044	12.7466	2.4903	3.8531
0.00035052	0.88654995	0.02575060	13.8384	2.3518	4.8983
0.00073940	0.88905019	0.02928310	18.5606	1.5461	12.7347
0.00080228	0.13670532	0.09461747	16.4756	2.2751	8.9977
0.00094771	0.58133453	0.01242563	17.7949	1.8632	10.1810
0.00059701	0.17206348	0.03064036	16.2771	2.6486	6.0116
0.00065659	0.24711247	0.02271329	18.6392	2.3484	9.0986
0.00005971	0.47695470	0.04869752	19.2639	1.7880	12.5571
0.00050478	1.19720876	0.07498630	12.7626	1.8201	7.0389
0.00009946	0.26311350	0.07583930	12.0866	2.5618	3.7245
0.00005489	0.70005840	0.04146454	15.7429	2.0713	7.8249
0.00031144	0.93569350	0.02258874	15.2548	1.7456	8.3681
0.00035644	0.02979693	0.09606003	14.5026	2.4458	6.3753
0.00062525	0.22844657	0.02682464	17.9587	2.2170	9.0493
0.00005300	0.49385437	0.06825628	13.1711	2.9549	3.7597
0.00089754	0.62340945	0.00928409	19.8476	2.3912	9.9279
0.00057279	0.90880775	0.00430761	15.4421	2.7550	4.8429
0.00048843	0.18876284	0.01635186	13.6138	2.7927	3.8888
0.00024018	0.34529793	0.06350981	19.0216	2.2326	10.7883
0.00091512	0.36727586	0.01805525	13.4519	1.7855	6.3822
0.00034102	1.01609898	0.02324049	16.6081	1.7133	9.8650
0.00034021	0.76299226	0.04290093	19.7623	2.0253	12.0284
0.00078398	0.65524447	0.01549644	19.6886	1.5772	13.3275
0.00085125	1.03346419	0.03447621	17.6374	1.6612	11.5130
0.00020944	0.12327162	0.02327385	19.2259	2.1617	10.2952
0.00079378	0.27649209	0.09428927	16.2960	2.4356	8.1968
0.00082757	0.01144916	0.08942892	16.9250	2.4332	8.6255
0.00016910	0.62194592	0.06940947	16.0233	2.0723	8.7478
0.00042552	0.51284492	0.03441654	16.2560	2.6428	6.1063
0.00087533	0.25677142	0.08718079	12.8762	2.0670	6.2929
0.00044449	0.50734043	0.03720523	14.1144	1.8500	7.1041
0.00076114	0.34724495	0.03670199	13.3529	1.6918	7.0407
0.00025746	0.48314238	0.07447009	16.6531	2.8987	6.3162
0.00098161	0.54271746	0.04282971	18.2317	1.6786	12.1347
0.00087231	0.40683249	0.08349409	19.1926	2.8444	9.1008
0.00036804	0.25956568	0.03983508	19.5728	2.0135	11.6989
0.00055566	0.19550669	0.09688377	12.6095	2.3019	5.3097
0.00013522	0.37586132	0.01416714	13.2447	2.1400	4.7657
0.00009934	0.37932530	0.02377914	19.8833	1.7017	12.9260
0.00029262	1.05834794	0.01113731	12.3963	2.1269	4.1944
0.00028815	1.10084856	0.02041005	13.8646	1.5178	7.9534
0.00053960	0.34998479	0.01755097	19.6360	1.7100	12.6028
0.00026690	0.27254707	0.00823424	14.8480	2.5001	4.9681
0.00069300	0.51958495	0.04915214	14.5189	2.5247	5.3127
0.00099248	1.15668619	0.04957013	18.1005	2.5181	8.7897
0.00081943	0.72111005	0.01085215	16.9404	2.0103	8.7140
0.00033255	0.97748733	0.04100361	15.3316	2.0752	7.5355
0.00040359	0.80735981	0.03675996	14.7299	2.9132	4.3709
0.00072576	0.73603380	0.09878723	17.5541	2.7320	8.4124
0.00068093	0.13601008	0.02958068	17.8998	2.0852	9.5791
0.00070242	0.34744325	0.08878504	16.5509	1.6962	11.4426
0.00087509	0.02377636	0.06456931	13.1711	1.7392	7.2863
0.00095563	0.29833356	0.00338440	19.9210	2.8584	8.0854
0.00017087	1.09434319	0.01554841	12.6586	2.6108	3.6005
0.00059281	0.06325871	0.03452449	19.2048	2.4609	9.3894
0.00030985	0.50858396	0.09387004	13.4010	1.5034	9.2671
0.00041418	1.02054870	0.02158387	16.6818	1.9053	9.1110
0.00018859	0.23731837	0.07134984	17.5004	2.8807	6.9884
0.00052640	0.72696638	0.01748647	15.6363	2.7648	5.0702
0.00049156	0.39484283	0.06998973	16.7799	2.3237	8.4808
0.00081630	0.13651070	0.04137645	18.4282	2.5018	8.7065
0.00063667	0.83979398	0.05068355	14.5398	2.2211	6.4769
0.00071572	0.28448260	0.08712059	17.5713	2.6174	8.4875
0.00068740	0.15062702	0.02063643	18.0034	2.5328	7.7530
0.00090227	0.35819215	0.06506358	14.4797	1.7507	8.6179
0.00059849	0.56720304	0.04980813	18.7460	1.5479	13.2984
0.00017073	0.78312731	0.01516126	17.1170	2.2310	7.9812
0.00064096	0.34736133	0.06481536	12.3995	2.7061	3.5865
0.00020414	1.11661482	0.00750821	17.9493	2.7792	6.7368
0.00016264	0.48709351	0.01142200	13.8585	2.7667	4.0116
0.00090754	0.44885120	0.06283804	12.1225	2.5599	3.6543
0.00034698	0.15172395	0.05168490	18.7758	1.7912	12.1250
0.00061203	0.73958617	0.01112202	13.9786	2.1250	5.5030
0.00034920	1.12000084	0.03784528	13.3364	1.8836	6.3720
0.00091719	0.84744233	0.00483890	14.2581	2.2349	5.3418
0.00009501	0.78684312	0.03871922	12.2986	2.3549	3.8747
0.00071416	0.85881871	0.04387039	19.0097	2.0789	11.2055
0.00058509	1.03542888	0.02155763	13.2713	2.0590	5.3467
0.00073786	0.28841719	0.09649969	19.0558	2.5353	10.4692
0.00058001	0.98661906	0.03714037	13.7818	2.0440	6.1727
0.00078642	0.36803511	0.06219238	15.9760	2.9503	5.4441
0.00090850	0.34280142	0.07508210	13.4157	2.5005	4.9607
0.00026049	0.09332255	0.09204505	17.5513	1.8242	11.7533
0.00052947	0.55248451	0.06148913	14.2829	2.6965	4.8149
0.00059226	1.12019789	0.05897619	16.6509	2.3287	8.2835
0.00064685	0.43347043	0.01080194	13.6810	2.8454	3.8840
0.00034012	0.90447658	0.02106623	19.2627	1.7992	12.0234
0.00075663	0.09956335	0.04256229	17.6554	2.8845	6.6413
0.00060908	0.87301326	0.09575955	13.1296	2.1800	6.3939
0.00022763	0.58252382	0.04785836	12.8567	2.8020	3.6367
0.00058180	0.04922481	0.05870736	12.5798	2.3392	4.3609
0.00071310	0.61170435	0.03943756	18.3214	1.5119	12.8195
0.00087282	0.46292982	0.00577995	17.7112	1.7449	10.3991
0.00096518	0.96569628	0.06285465	14.6208	2.6811	5.2877
0.00018545	0.62804902	0.03238313	17.7052	2.6413	7.3234
0.00065940	0.54106528	0.07223605	15.6506	2.0072	8.8320
0.00028310	0.69726998	0.04556866	16.1047	2.7632	5.8059
0.00071467	1.05731332	0.02087235	12.2264	2.1114	4.2939
0.00090360	0.91565591	0.08685458	17.8245	1.8213	12.3140
0.00086740	0.95125592	0.02182554	15.1376	1.9889	7.3822
0.00084738	0.08455984	0.09959104	15.7834	1.5315	11.6733
0.00015286	0.79351133	0.06252696	12.3644	2.3199	4.3811
0.00052864	0.89717883	0.06123979	12.8694	2.0818	5.6905
0.00066353	0.66621417	0.04572882	15.3010	2.0116	7.8711
0.00049881	0.09591687	0.02327005	19.3427	1.8820	11.6361
0.00073009	1.19771302	0.03828776	17.0633	2.4144	7.9181
0.00038403	1.10200477	0.09846666	14.0700	2.7544	5.2453
0.00066404	1.01151073	0.04211157	19.3676	1.5885	13.6806
