a	b	d	c	h	rmse
0.00037055	1.10894549	0.06207472	18.6485	2.1337	11.0382
0.00037415	1.09478962	0.02078721	17.9159	1.9811	9.9837
0.00085137	0.65990609	0.02338554	14.1202	2.8904	3.9972
0.00087682	0.41617236	0.07025988	16.4872	1.6284	11.2650
0.00094737	0.28253102	0.06444614	14.2844	2.7380	4.7608
0.00055724	0.88111812	0.00495708	19.4191	2.0381	10.8411
0.00098597	0.77314484	0.07550795	12.4542	2.0742	5.7490
0.00017065	0.33029234	0.00109254	19.9436	2.2976	10.0045
0.00078057	0.22297359	0.05092075	12.6267	1.5882	7.0831
0.00067838	0.70676792	0.06705734	13.6162	2.8187	4.1687
0.00027648	0.87531829	0.00196440	16.2920	1.5204	9.8298
0.00060353	0.77291977	0.03667393	12.3061	2.6273	3.4617
0.00024732	0.68373448	0.02407207	14.1784	1.7815	7.1439
0.00073238	0.31056920	0.05227060	12.3259	1.5801	6.8696
0.00042117	0.52464771	0.06008635	19.0141	1.5508	13.7519
0.00058915	0.09696606	0.00377679	14.6007	2.9528	4.2140
0.00077867	0.11661836	0.03584304	18.5684	2.6387	8.1896
0.00075804	1.16314530	0.07414519	15.6030	2.3695	7.5390
0.00073597	0.37579706	0.07561580	14.0987	1.5349	9.4121
0.00071064	0.34000346	0.00475140	16.3967	1.7475	9.0170
0.00059154	0.12287448	0.04626067	13.1716	2.7738	3.7595
0.00069665	0.53151494	0.02676138	19.0827	2.2740	9.9809
0.00010337	1.05393255	0.06371391	18.0976	1.8812	11.5405
0.00034386	0.98719394	0.02062923	19.6222	2.3957	9.8994
0.00093183	0.26312187	0.02558024	18.0815	2.9086	6.6922
0.00084458	0.26627001	0.05417724	19.8183	2.9444	8.6229
0.00096461	0.28763172	0.08201751	12.0934	2.5123	4.0170
0.00077277	0.08922743	0.00667519	12.7361	1.6739	5.8175
0.00035811	0.17173409	0.05684725	15.2339	1.6817	9.2515
0.00038811	0.43906307	0.06872492	16.5912	2.7013	6.8301
0.00043642	0.70687681	0.09668481	13.2007	1.5616	8.9860
0.00018268	0.95876408	0.05355150	15.5853	1.7885	9.2195
0.00039772	0.36402148	0.03057108	14.3151	2.6106	4.5895
0.00017769	0.49784303	0.05449172	19.6192	1.9008	12.5954
0.00006200	0.71358401	0.05616507	14.4852	2.8654	4.4740
0.00027357	0.59891087	0.00423977	16.6139	1.9360	8.4122
0.00089786	0.48245662	0.06163087	17.4920	2.6005	7.9854
0.00054452	1.10776091	0.06338296	16.5849	2.7271	6.7941
0.00009690	0.42552647	0.07360680	16.7828	2.8248	6.6174
0.00085742	1.11769259	0.03477455	19.4253	2.2068	10.9561
0.00051200	0.28753129	0.02140656	17.3960	2.0611	9.0077
0.00051500	0.98929936	0.02275364	13.3758	1.6873	6.8594
0.00021339	0.69560897	0.03798879	17.9192	1.6031	11.8714
0.00011082	0.11776501	0.08324047	18.2764	2.8116	8.1399
0.00017817	0.99414611	0.09363208	16.3163	1.5266	12.1297
0.00055341	0.13771203	0.02852632	12.3048	2.9977	3.8711
0.00027581	0.92645651	0.07715814	16.1292	1.8243	10.2073
0.00074752	0.89779216	0.07139377	18.9079	2.1217	11.6185
0.00034832	0.64652735	0.02802830	17.4942	1.5936	11.2726
0.00063040	1.11416781	0.06645837	14.4077	1.6673	9.0774
0.00006066	0.49150789	0.08708698	17.7833	1.8309	11.8795
0.00051122	0.10761563	0.02414124	12.8744	2.9840	3.8610
0.00030225	0.50108707	0.03095542	18.3610	2.7739	7.4157
0.00073254	0.89374548	0.02517786	18.0884	1.7572	11.2452
0.00044530	0.39022562	0.05543587	14.9286	1.7089	8.8816
0.00043133	0.19779700	0.08418282	14.0196	2.4108	5.8560
0.00043393	0.32867596	0.07032831	17.2704	2.1439	9.6683
0.00039538	0.26151881	0.04072361	19.1392	1.7045	12.6343
0.00034001	0.21382877	0.07170900	19.8014	2.5419	10.4466
0.00085552	0.43199772	0.07741016	12.8463	2.2661	5.3208
0.00093709	0.69159383	0.07366480	14.2323	1.8430	8.3031
0.00043644	1.19964778	0.07325605	14.6249	2.7381	5.2732
0.00096723	0.41260934	0.04408081	12.9676	2.1805	5.0403
0.00045970	0.03242203	0.09654523	13.4333	2.8444	4.3098
0.00077813	0.25960073	0.09348845	18.3913	2.3398	10.5743
0.00027154	0.47274134	0.03712644	13.6020	1.7234	7.0755
0.00093808	0.91101819	0.03331791	14.9717	1.7306	8.5570
0.00062110	0.08534454	0.04748001	19.7478	2.3549	10.6359
0.00072426	1.13258517	0.04563262	12.6711	2.8509	3.5104
0.00090481	0.58220333	0.05089597	15.0085	2.5645	5.6776
0.00011932	0.97725642	0.08187007	19.9955	1.7461	14.4567
0.00078283	0.29912791	0.02223161	13.1560	2.0025	5.3459
0.00034232	1.17950785	0.03659089	12.4321	1.7842	5.8947
0.00061361	0.50371701	0.03401871	13.9657	2.2052	5.5941
0.00036958	0.08954796	0.01919501	14.0527	1.7425	6.9667
0.00054647	0.84359229	0.01455983	15.6615	2.6480	5.3639
0.00019911	0.61880356	0.05728385	16.0740	2.1233	8.3056
0.00039090	1.05295169	0.03435950	12.4152	2.3693	3.9188
0.00035895	0.68925506	0.09899927	19.8408	1.7677	14.6424
0.00061234	0.91276509	0.05073912	13.5508	2.9845	3.7944
0.00011871	0.68352789	0.09761737	13.2706	2.4221	5.5049
0.00057469	0.52531958	0.01330777	16.7393	2.9514	5.3675
0.00068948	0.17824399	0.02748357	19.3579	2.9514	7.6317
0.00060191	0.97813100	0.02413846	13.5193	2.7796	3.8344
0.00072776	0.26664785	0.08194543	17.4707	2.8058	7.5557
0.00075585	0.19766542	0.02094612	12.5325	2.8881	3.6882
0.00069871	0.28359023	0.03443778	13.3880	2.3134	4.7339
0.00013315	1.15513515	0.01114050	18.8378	2.9066	7.1406
0.00036893	0.17731050	0.02286224	16.4204	2.3455	6.9828
0.00077757	1.08512270	0.06784105	14.0630	2.2283	6.4883
0.00071898	0.44897690	0.07716075	18.6937	2.6433	9.2527
0.00056919	0.39915863	0.05735994	18.6250	1.8696	11.8999
0.00038568	0.10515969	0.00903360	16.8123	2.1440	7.8081
0.00070544	0.64646542	0.04937057	13.0400	2.7426	3.7649
0.00025644	0.99328411	0.05648958	18.3730	2.8267	7.8237
0.00060210	0.02588758	0.08515368	15.6699	2.7514	6.1395
0.00048658	0.29481956	0.04171155	13.3313	2.1277	5.3865
0.00022978	0.13576487	0.03882895	14.3970	2.0917	6.3424
0.00061868	1.19330788	0.04513760	19.6943	2.1528	11.6533
0.00060259	0.38288447	0.00341671	17.7098	2.6025	6.9718
0.00044935	0.83245367	0.03926444	14.6766	2.8097	4.5523
0.00011005	0.79360825	0.07351329	19.6818	1.6656	14.2345
0.00041305	0.34028122	0.09718729	12.2813	1.6977	7.4055
0.00040371	0.88643646	0.08030402	19.9101	1.6958	14.6115
0.00021770	1.08329880	0.01444695	18.4207	2.8602	6.9861
0.00078786	0.69521904	0.03229405	13.3832	1.5080	7.8311
0.00060691	0.86905068	0.07051110	14.7821	2.5100	6.0684
0.00022719	0.93541467	0.01024467	13.3150	1.6583	6.5660
0.00082858	0.08041514	0.05717256	19.1157	1.8330	12.5230
0.00058857	0.23283058	0.07678523	17.1671	1.7075	11.6232
0.00061758	0.95184392	0.08913596	12.6480	1.5811	8.2832
0.00055849	0.89414680	0.02099226	16.1194	1.7598	9.1614
0.00043909	1.00581169	0.07240096	15.5316	2.5736	6.5485
0.00084150	0.41716784	0.08630865	15.3102	1.5196	10.9986
0.00042021	1.03667867	0.00837756	13.9916	1.9534	6.0935
0.00086602	0.44874212	0.01264584	12.0700	1.5248	5.9928
0.00066721	0.57835782	0.02200149	13.0058	2.4966	3.8951
0.00094235	0.36656138	0.09870744	14.8622	1.5866	10.6075
0.00059241	0.23325510	0.01407140	12.6688	2.7355	3.6271
0.00013055	1.01204848	0.07122651	14.5517	2.9424	4.5832
0.00085401	0.35392991	0.03427058	12.0876	1.6021	6.1590
0.00056330	1.16703391	0.06505218	15.5352	1.6237	10.3353
0.00086065	0.62290484	0.02120022	15.1303	1.6262	8.7718
0.00099390	0.81678933	0.06451560	16.3861	2.8171	6.3528
0.00034807	0.60905015	0.01382400	18.9733	2.1773	9.9239
0.00082914	0.19708693	0.04597734	18.2807	2.1964	9.9134
0.00071391	1.04657066	0.02058753	14.8839	2.5346	5.1985
0.00021143	1.07203138	0.00154964	13.8333	2.6425	4.0676
0.00087199	1.03235471	0.00295174	14.6033	2.5473	4.7290
0.00037851	0.13762350	0.03364108	12.5643	2.9117	3.6864
0.00064331	0.18513253	0.07572044	19.8642	2.5629	10.5807
0.00085909	0.27664012	0.03433995	18.8132	2.7828	7.9042
0.00074785	0.16987865	0.00384870	18.0756	2.3445	8.2061
0.00028230	0.17353684	0.06446178	12.7211	1.5534	7.5157
0.00057551	1.00852287	0.03263613	13.4553	2.0898	5.6134
0.00060098	0.88856459	0.04603770	12.7316	2.2811	4.5801
0.00068471	1.10738456	0.07848991	19.3272	2.3052	11.4588
0.00076848	0.82421994	0.09288361	18.8633	2.8293	9.1484
0.00022221	1.03658044	0.05807135	19.2849	2.7516	8.9819
0.00005551	0.45501280	0.09122699	13.0304	2.6088	4.5326
0.00039836	0.52283466	0.04198151	18.2768	2.4444	8.7982
0.00043026	0.76529813	0.06539929	16.6536	2.3529	8.2132
0.00052069	0.01955988	0.09449368	19.5012	1.6552	14.5470
0.00062551	0.31782472	0.05343867	19.6486	1.6658	13.7015
0.00011173	0.21384473	0.09681953	15.7286	2.3070	8.0561
0.00063064	0.50088114	0.01877450	17.0925	1.5771	10.7612
0.00017622	0.84412462	0.00367109	16.6259	1.6249	9.7214
0.00079114	0.48387671	0.01219188	18.3398	1.7623	11.0737
0.00092496	0.98436737	0.09363789	13.8126	2.0891	7.4612
0.00067074	1.18453526	0.09612204	15.4986	2.7724	6.4237
0.00029868	0.03043146	0.04674291	14.6897	2.6982	4.8096
0.00097470	1.12261188	0.02066433	19.8515	2.2962	10.7010
0.00095313	0.90658706	0.04815613	17.9522	1.7037	11.9732
0.00072933	0.68296796	0.00439240	12.6366	2.0973	4.3654
0.00005186	1.18818486	0.02581520	12.9525	2.0912	4.9789
0.00040148	1.15796506	0.04081172	18.8137	2.7524	8.2393
0.00047797	0.07085399	0.03227558	14.2925	1.8470	7.0823
0.00021382	0.94151008	0.00807845	12.2768	1.8645	4.8119
0.00078125	0.44663778	0.04507694	18.7980	1.5610	13.1903
0.00099182	0.95046479	0.04874783	15.3879	1.5184	10.2938
0.00040189	0.75534558	0.05392856	16.9723	1.6582	11.1579
0.00027068	0.97037506	0.09158803	19.2641	2.5588	10.5111
0.00073204	1.06954169	0.08671163	14.8744	2.2288	7.6919
0.00014855	0.89507908	0.02176323	18.6491	2.2104	9.6734
0.00018236	0.84823126	0.00351329	18.0497	2.0734	9.2546
0.00025640	0.82375062	0.00403006	12.8333	1.6313	6.0691
0.00043287	0.51350844	0.09875277	17.6287	2.4281	9.5786
0.00085378	0.72140193	0.03231173	16.3475	2.3128	7.4299
0.00022191	0.97430456	0.07321113	16.0575	2.6472	6.7227
0.00073603	0.12398354	0.08405313	15.4616	2.5407	6.7238
0.00058031	1.02824986	0.08455274	16.7687	2.6264	7.7939
0.00068552	1.13303185	0.02018047	16.9423	1.9955	9.0505
0.00072212	0.58347923	0.05387596	16.2022	2.1452	8.3749
0.00039905	0.51704925	0.05752303	18.3034	2.6295	8.4420
0.00039123	1.03738713	0.03040025	17.6706	2.9597	6.3230
0.00096189	0.74962729	0.04413757	16.2822	2.8240	5.8444
0.00058807	0.45454800	0.05147569	17.6960	1.7392	11.4253
0.00061101	0.60866618	0.03378884	15.7325	2.5895	5.8638
0.00037022	0.67658728	0.02620394	13.0607	2.2596	4.5183
0.00085905	1.08752048	0.08168089	16.7189	2.8436	6.9477
0.00032930	0.03041458	0.06387997	12.4796	1.6800	6.7119
0.00017882	1.17365754	0.01900117	18.5901	2.3906	8.9129
0.00074283	0.26297724	0.09399123	14.8145	2.2002	7.7209
0.00043777	0.37264863	0.09793983	16.5557	2.1512	9.6457
0.00080343	0.89064312	0.07737441	12.6681	2.4952	4.5055
0.00052387	0.08187743	0.04637415	16.7154	2.3341	7.7816
0.00082807	0.50443518	0.07953088	16.8233	1.5817	12.0578
0.00016386	0.18817739	0.01931219	14.0400	2.6821	4.1878
0.00082718	1.06910729	0.05382536	13.8233	2.9160	4.0199
0.00030393	0.69081539	0.07799824	16.7207	1.7071	11.2646
0.00068836	0.83436263	0.02103297	16.5952	2.0005	8.6432
0.00022342	0.05675526	0.02998097	17.5042	2.4523	7.6699
0.00070013	1.09809422	0.03477765	16.7453	2.3967	7.5847
0.00089858	0.61082113	0.01246064	12.0860	2.8061	3.5703
0.00071840	0.43137601	0.02713924	14.8150	2.3256	5.8064
0.00048945	0.69049412	0.09957892	19.4869	1.8353	14.0435
0.00069248	0.92356199	0.01159370	19.5350	1.8082	12.1234
0.00032306	0.76134723	0.09396746	18.1562	1.5952	13.6250
0.00018702	0.69898945	0.04392871	19.1538	1.5449	13.4911
0.00084251	0.41975492	0.02023019	12.6253	2.3111	3.9911
0.00082035	0.52433461	0.00536147	16.0776	2.2791	6.7276
0.00072223	1.01671505	0.02468725	14.1327	2.0104	6.3972
0.00079586	0.50533253	0.05308694	15.4097	2.1982	7.3882
0.00021404	0.79386520	0.02182118	16.2522	2.5128	6.3256
0.00017904	0.41642591	0.03458215	14.2100	2.5435	4.7133
0.00045693	0.47487000	0.09743796	13.7801	2.3196	6.3538
0.00096427	1.18362105	0.00548370	14.0899	1.6971	7.2713
0.00009353	0.68764162	0.00555823	15.0878	2.0211	6.6674
0.00014946	0.30712140	0.09559724	14.1740	1.9537	8.0247
0.00048811	0.68268955	0.05210002	14.2878	2.6487	4.8136
0.00009034	1.12477684	0.01071882	19.6043	2.1818	10.5066
0.00034294	0.93151999	0.08620909	18.5141	2.6025	9.4909
0.00086676	0.09591892	0.05050268	13.2153	1.7928	6.7832
0.00051297	0.70924294	0.00164497	13.5908	1.5621	7.0409
0.00015343	0.51418149	0.08323545	17.1111	2.0611	10.1588
0.00011132	0.59578878	0.03767656	18.0755	2.1763	9.5360
0.00080153	0.89187467	0.08014867	14.5839	1.7889	9.0638
0.00035200	0.26666197	0.02562395	14.2869	1.6961	7.5541
0.00096316	0.72350818	0.09399843	18.2479	2.8120	8.6864
0.00079766	0.07418030	0.07396955	16.1796	2.2354	8.3535
0.00099356	0.32749602	0.00780312	16.7667	1.6958	9.7259
0.00024678	1.11530161	0.01037967	15.9328	2.4450	6.1377
0.00015270	0.26541963	0.06897778	14.3095	2.0198	7.2175
0.00011229	0.17898104	0.01973532	17.8070	1.9230	9.8161
0.00066011	0.58206213	0.08265533	15.3026	2.7212	5.9982
0.00022005	0.14982934	0.08970755	15.7103	2.5682	6.8725
0.00071615	0.29824468	0.06486102	12.9756	2.6718	3.9756
0.00078668	0.80255651	0.03513584	18.9556	1.9647	11.4342
0.00092054	0.01771522	0.04881622	16.5219	2.7987	6.0737
0.00063887	1.14509189	0.06326286	14.0835	2.7024	4.7849
0.00010984	0.58901691	0.02481140	18.4205	2.2599	9.2453
0.00059371	0.43993565	0.05455022	18.7581	2.6855	8.6110
0.00016391	0.07144640	0.05561585	12.9529	2.1799	5.0506
0.00071403	0.62982988	0.03914776	13.2970	1.7022	7.0609
0.00073442	0.47074836	0.01025989	14.9676	2.4229	5.3580
0.00098477	0.06875376	0.05498060	13.5794	2.0671	6.1658
0.00069862	0.45870546	0.04232475	16.0807	2.3637	7.1116
0.00034944	0.07453984	0.06405777	17.3265	2.5093	8.0250
0.00080154	0.05423705	0.04655771	18.8300	1.5921	13.0208
0.00081281	0.79487681	0.02917800	18.1497	1.8075	11.1800
0.00035767	0.65024012	0.01071985	17.5235	2.4688	7.4001
0.00080296	0.14066447	0.08018129	19.9511	2.7851	9.8947
0.00044816	0.34442714	0.02828887	16.0290	1.9692	8.2185
0.00030203	0.23014364	0.09363988	15.9286	2.3285	8.1316
0.00006319	1.01268852	0.06600412	19.4650	2.8827	8.7834
0.00054665	1.00224555	0.00807557	14.6172	1.9944	6.5281
0.00065579	0.33019647	0.02904614	16.0896	2.1481	7.6257
0.00086014	0.19699706	0.02718508	17.3129	1.9195	9.6993
0.00017171	0.83210069	0.00479048	14.1290	2.3032	4.9424
0.00064721	0.48371804	0.03134330	13.8705	2.2865	5.1927
0.00080222	0.48215526	0.08588757	17.1289	2.1724	9.9325
0.00042461	0.62832350	0.03235696	12.8297	2.6234	3.6924
0.00055824	0.09291726	0.07714815	17.9139	2.1428	10.4357
0.00066497	1.01948977	0.09696504	17.3729	2.2948	10.0426
0.00019832	0.55391920	0.06698063	14.7171	2.5935	5.5211
0.00051548	1.07984364	0.03966617	15.5837	1.7627	9.1066
0.00082481	0.49814141	0.03222157	13.9450	2.5157	4.6197
0.00071646	0.46358716	0.01569868	19.2377	2.4880	9.0332
0.00072578	0.71000195	0.01493869	17.3409	1.8213	9.9493
0.00048229	0.45919359	0.02706622	17.7191	2.2955	8.5378
0.00048487	0.20888811	0.09127691	12.4723	2.8565	3.6785
0.00037799	1.18947375	0.06241870	13.4207	1.8291	7.2806
0.00044145	0.74788332	0.03086368	12.2968	2.4742	3.5921
0.00076808	0.42128912	0.08311092	12.7194	2.5208	4.4844
0.00066369	0.40824327	0.06415305	14.8200	1.7542	8.8612
0.00036241	0.32027754	0.04836351	14.6018	2.8099	4.5510
0.00068799	0.72052473	0.06620156	15.9339	2.0189	8.9629
0.00048420	0.46417463	0.08426589	15.3529	2.3653	7.3207
0.00065014	0.96216881	0.03146408	14.7258	2.2460	6.1799
0.00023936	0.26060629	0.03287350	14.2141	2.4059	5.0495
0.00039204	0.44184804	0.01828349	18.3251	2.0330	9.9570
0.00033053	0.82180285	0.01163753	19.5122	1.7443	12.2596
0.00040290	0.80753106	0.07992345	17.2488	1.9618	10.7816
0.00043459	1.06451893	0.01233186	18.0844	2.2524	8.8650
0.00021298	0.53256422	0.05035566	14.4719	1.6325	8.6135
0.00013968	0.30128926	0.01930099	16.2699	2.8258	5.3427
0.00019867	0.11937553	0.02529510	17.0012	2.7687	6.1111
0.00028429	1.01050866	0.07871143	13.4250	2.7000	4.4890
0.00038992	0.63960910	0.00122750	13.3788	1.8235	5.7881
0.00099667	0.49701768	0.01497802	13.6785	2.8942	3.8249
0.00033933	1.15240765	0.01249738	16.3863	2.0493	8.0580
0.00035418	0.01925432	0.08785532	16.2842	2.2844	8.4666
0.00078583	0.59821731	0.07097214	15.8412	2.2271	8.1218
0.00009560	0.86097634	0.09169451	17.2817	2.7383	7.8565
0.00009958	1.11938381	0.09266771	18.0502	1.8884	12.2215
0.00013431	1.10830450	0.01428215	17.8808	2.7601	6.8363
0.00042765	0.77083522	0.04921363	15.9422	2.6295	6.1931
0.00064957	0.97745907	0.05110984	13.4144	2.1795	5.6456
0.00011907	0.04258212	0.02061631	15.3124	1.8928	7.5371
0.00048742	0.56988221	0.06814580	16.5926	1.7623	10.6611
0.00009387	0.39436781	0.05583098	13.3627	1.7577	7.0818
0.00049260	0.38559902	0.04830529	15.2236	1.7280	8.9250
0.00029312	0.91793305	0.02190763	16.7304	1.5510	10.6127
0.00032425	0.58139539	0.03527248	13.5347	2.2884	4.9422
0.00014418	0.80027205	0.08516516	18.6967	1.9181	12.4557
0.00091741	0.60919565	0.03906879	16.6211	1.7660	10.0750
0.00081527	0.70808262	0.08444149	12.1754	1.7183	7.0961
0.00077588	0.27861005	0.02459281	16.5735	2.4771	6.7755
0.00015972	0.83102161	0.01861522	19.5441	2.4362	9.5489
0.00071572	0.60090989	0.08862977	17.9373	1.7446	12.6679
0.00022613	0.74050796	0.06934330	14.0851	1.5322	9.2064
0.00095234	0.49382359	0.06760485	13.7152	1.9390	7.2003
0.00065918	1.09167397	0.03354895	18.5911	2.5501	8.6847
0.00066196	0.11313657	0.06494571	14.9094	2.0279	7.7444
0.00064463	0.30919254	0.04631948	14.2729	2.0657	6.6062
0.00094898	0.89349979	0.00842506	17.5714	1.8068	10.1863
0.00031403	0.17344350	0.00603434	17.3327	2.0813	8.4771
0.00046602	0.72408968	0.09160154	15.1817	2.3519	7.4506
0.00097520	0.88626510	0.03197491	15.4446	2.7402	5.2399
0.00077114	0.39201510	0.07746656	16.4906	2.7089	6.9618
0.00035342	0.08055495	0.08231607	18.8269	2.7695	8.8311
0.00007024	0.48629236	0.08687026	14.0920	2.0547	7.3388
0.00087991	0.18982488	0.03603953	19.4258	2.0866	11.2655
0.00079047	1.14493489	0.02699192	13.8666	2.5702	4.4337
0.00084946	0.31567243	0.01854166	18.5436	2.0891	10.0191
0.00049227	0.49048698	0.01010520	15.1762	2.3213	5.8166
0.00074492	0.63166255	0.03590696	18.0559	2.2289	9.4174
0.00053777	0.03070376	0.09453302	18.4036	2.0486	11.7344
0.00016393	1.03714299	0.02948286	12.2877	2.4049	3.6995
0.00072799	0.02962996	0.00419312	16.2286	2.8305	5.1619
0.00062448	1.02267456	0.07578975	16.3228	2.7712	6.6631
0.00092875	0.98428720	0.00582750	17.5992	2.4566	7.5854
0.00090583	1.11457181	0.01862642	19.1426	1.6761	12.5831
0.00048813	0.60655141	0.05075746	16.4544	2.5731	6.8495
0.00011709	0.91939354	0.02320595	17.7799	2.6521	7.2261
0.00045011	0.76829797	0.06035888	18.4385	2.8076	8.0231
0.00093155	0.73445600	0.07594351	17.2614	1.7741	11.6383
0.00025618	0.07976210	0.06175451	18.0387	2.8408	7.3939
0.00027587	0.53253472	0.08908828	17.1584	2.2876	9.4341
0.00054437	0.61264056	0.02590545	12.8312	1.9232	5.4262
0.00078059	0.20517580	0.06402630	12.9328	2.0196	5.9396
0.00074981	0.96556371	0.07202517	18.3847	1.8616	12.2727
0.00034379	0.03747292	0.08027776	15.0007	2.1889	7.4528
0.00075120	0.93082285	0.08347224	17.3625	1.8079	11.7895
0.00075985	0.76811087	0.00368225	12.6212	1.5311	6.3495
0.00036478	0.22787297	0.09435761	13.5586	2.2428	6.2861
0.00063016	1.13277447	0.02565726	17.7787	2.5665	7.7083
0.00057274	0.11925226	0.00817172	19.0531	2.5441	8.4084
0.00098683	1.11551321	0.00621345	17.9484	2.2526	8.7357
0.00069273	1.10112345	0.00165836	15.4428	2.6330	5.1171
0.00094037	1.03735149	0.08635070	17.3612	2.1998	10.2427
0.00022472	0.63760883	0.03106596	15.8133	1.9965	7.9824
0.00075498	0.21357024	0.06740066	12.4126	1.7644	6.5418
0.00041211	0.63208044	0.03520948	17.2486	1.5463	11.4245
0.00005441	0.83973813	0.09922288	14.9951	2.7752	5.8476
0.00041853	0.27202311	0.09747306	19.4935	1.9512	13.3427
0.00058956	0.15938476	0.02981663	15.2561	2.2383	6.4819
0.00013626	1.05486429	0.08829372	18.5759	2.0781	11.7879
0.00082934	1.18082118	0.05853102	16.8983	2.0770	9.6245
0.00023394	0.54216427	0.02729825	19.2958	2.5488	9.0123
0.00082201	0.23388743	0.06632423	13.6691	2.8300	4.1296
0.00017226	0.77837521	0.06974217	14.6130	2.5924	5.5285
0.00005431	0.70349300	0.09541629	13.4278	1.7046	8.4411
0.00030110	0.17609775	0.00620180	18.4004	2.7886	6.9411
0.00039405	0.98727745	0.00344146	19.1814	2.9255	7.2581
0.00010807	0.94602609	0.05900246	16.5281	1.6113	11.0252
0.00022602	1.18074214	0.04971543	15.0116	2.1567	7.1330
0.00026998	1.14457929	0.00314503	13.4301	1.8625	5.8065
0.00037310	1.10745656	0.01601404	16.5760	2.3096	7.3072
0.00009630	0.73018879	0.02925564	16.3183	1.6794	9.7344
0.00049732	1.17143166	0.00996449	15.0976	1.7410	8.0502
0.00060710	0.03851360	0.08402744	16.9045	2.7652	7.1617
0.00088721	0.58369654	0.06386450	12.9741	2.4034	4.7235
0.00086771	0.97079235	0.01842804	16.2492	2.3406	7.0064
0.00036410	0.13554719	0.00462817	13.8136	2.7826	4.0059
0.00009191	0.53849238	0.02077678	17.6366	2.6548	6.9783
0.00067876	1.13921273	0.04297087	14.5290	1.9064	7.6180
0.00057521	0.33826753	0.03996648	16.7006	1.8053	9.8482
0.00088240	0.40323621	0.03715250	12.2976	2.5666	3.4993
0.00067769	0.50676715	0.05115389	12.6387	1.5917	7.1339
0.00071263	0.57725310	0.01542128	14.7894	1.6181	8.2913
0.00027425	1.08563733	0.00179074	18.8274	1.9209	10.6659
0.00024565	0.14718246	0.06377973	12.5893	1.7337	6.6038
0.00089029	0.61404079	0.05169681	13.1640	1.6232	7.6096
0.00032897	0.73416972	0.05640638	12.5491	2.8049	3.5390
0.00030799	0.68115598	0.04628601	18.1003	2.9554	6.8914
0.00026066	0.20768791	0.04404493	19.8122	2.5827	9.6520
0.00068285	1.17892039	0.08088621	17.5036	2.5586	8.7258
0.00050433	0.07756321	0.05988985	17.4575	2.8640	6.8090
0.00014600	0.84007114	0.04287004	17.2447	2.4049	8.0189
0.00038409	1.13805044	0.08943779	16.6046	2.2974	9.0582
0.00082057	1.18668890	0.06847236	14.6957	2.4805	6.1696
0.00071806	0.40847009	0.08434015	19.9459	2.8106	9.9296
0.00044560	0.43861365	0.08429283	13.0249	1.7990	7.3917
0.00006995	0.27727786	0.08535272	19.4864	2.3537	11.1996
0.00099252	0.51733291	0.05519425	12.7917	2.1506	5.2452
0.00010392	0.28983486	0.00353348	15.6515	2.1512	6.6048
0.00018204	0.63938147	0.07047707	14.6620	2.4690	5.9736
0.00012747	0.67190212	0.06489642	18.4706	2.5839	8.9159
0.00028282	0.64211226	0.07458542	15.4882	2.4262	6.9863
0.00080578	0.83711940	0.02450095	16.3186	2.8448	5.5022
0.00059223	0.45080304	0.01274649	12.4900	2.4032	3.6730
0.00040797	0.44271249	0.02216598	17.3608	2.9286	5.9661
0.00028905	0.26425704	0.09046516	19.7598	2.9811	9.0979
0.00079075	0.49351305	0.09513949	14.1123	1.7086	9.2316
0.00082061	0.38099611	0.01146335	19.8704	2.1339	10.9700
0.00024803	0.86353087	0.09370007	16.2452	2.8680	6.5323
0.00072161	1.05548906	0.07530475	12.8887	1.9586	6.6160
0.00014604	1.01178646	0.09494450	13.8159	2.1327	7.1225
0.00029748	0.25768754	0.01391322	19.0698	1.9850	10.7151
0.00078318	0.15012781	0.08376965	17.4213	1.8001	11.6784
0.00077875	0.28002900	0.08591267	14.1874	2.6041	5.4600
0.00057227	0.01998978	0.05728195	13.4611	2.4169	4.8105
0.00017837	0.09130701	0.09651744	18.6378	2.6127	9.5642
0.00043930	0.17522673	0.08251585	19.3479	2.6326	9.9109
0.00067296	0.21075477	0.00626127	18.7925	1.7221	11.4557
0.00015724	0.95431215	0.05198845	19.3016	1.7938	12.8030
0.00058650	0.59624833	0.08634012	13.8069	1.9672	7.5736
0.00033531	0.31297320	0.07730052	17.5947	2.8636	7.2926
0.00052300	0.63053137	0.07298905	16.4721	2.4366	7.8760
0.00051221	0.52716160	0.06564527	13.9270	2.5744	4.9453
0.00045904	0.40578109	0.07296523	14.1543	1.5941	9.0691
0.00013629	0.04982459	0.04949774	19.5468	2.1134	11.3691
0.00024949	0.35033840	0.02588874	19.7225	1.5573	13.4794
0.00046631	0.49268338	0.04538778	15.3307	2.5683	5.7527
0.00055394	0.60127276	0.05339667	19.2434	2.3358	10.4741
0.00043192	0.49526736	0.05976559	14.8741	2.6092	5.4938
0.00037092	0.48696363	0.01852106	17.2774	1.9815	9.1679
0.00067789	0.92583364	0.02783898	17.1750	1.6242	10.9801
0.00084409	0.34108031	0.07201437	17.7480	2.7255	7.9324
0.00019198	0.50284994	0.03708965	19.0448	1.5003	13.3585
0.00083796	0.93856168	0.07568213	18.8080	2.8514	8.6550
0.00094197	0.54261380	0.07781505	14.5643	2.5013	6.0599
0.00081269	0.49251381	0.01580296	17.8915	2.7213	6.9915
0.00060990	0.48538354	0.01041443	17.7947	2.9345	6.1565
0.00072165	0.11291087	0.00808925	15.6431	1.7862	8.1548
0.00062530	0.41908720	0.00796683	12.9767	2.5245	3.7642
0.00057505	0.69838917	0.09048974	15.8818	2.2601	8.4779
0.00092162	0.58929062	0.04871333	19.3902	1.6156	13.7050
0.00008495	0.02637805	0.09853489	14.0332	1.9892	7.7255
0.00064490	1.16541791	0.00730399	17.1742	2.5308	6.9508
0.00099071	0.73668915	0.08643581	16.0896	1.5665	11.6989
0.00097049	0.61332816	0.00385741	13.1705	2.7446	3.7039
0.00030964	0.90337700	0.00555900	16.7999	1.6098	10.0454
0.00021333	0.41788295	0.05997916	16.8607	2.2904	8.4009
0.00039596	0.04613476	0.01863517	17.4431	2.0182	9.0860
0.00061612	0.20441678	0.01545358	14.9213	1.8792	7.2496
0.00014407	0.76381367	0.03952953	17.2089	2.9826	5.9589
0.00058967	0.97627574	0.04933035	15.6974	2.7292	5.7274
0.00076724	0.23883896	0.03045454	16.5993	2.2561	7.7196
0.00022201	0.25154492	0.00250929	14.5888	2.3746	5.0195
0.00088879	0.45894122	0.09526244	12.6383	1.7972	7.4430
0.00009869	0.42911968	0.02859151	12.6969	2.5799	3.6707
0.00079143	0.12341242	0.04446332	18.8734	2.2149	10.3487
0.00081601	0.28683645	0.01112296	14.8663	2.3336	5.5422
0.00073357	1.12525368	0.04564457	17.6786	2.1830	9.5871
0.00086517	0.72141504	0.09946233	18.3970	2.3391	10.8830
0.00079543	1.14528036	0.05659711	14.2980	1.8665	7.9231
0.00058910	0.06870554	0.03534749	19.4165	1.5807	13.3208
0.00085983	0.69099796	0.06987933	15.4896	2.5055	6.7205
0.00039763	0.53653181	0.05884295	14.6497	2.4202	5.9115
0.00085587	0.70216036	0.07673652	16.7640	2.0339	10.0101
0.00044507	0.36303946	0.04564172	19.8549	2.9905	8.2648
0.00062674	0.88043040	0.05313935	19.4278	2.2025	11.2953
0.00036240	1.17470574	0.03220160	12.9155	1.8549	5.9792
0.00090257	0.53196853	0.00284204	13.9490	2.9440	3.9666
0.00053885	0.15046374	0.01944782	15.8512	2.4252	6.1656
0.00023352	0.29530132	0.09934863	15.6700	2.7867	6.3061
0.00014943	0.11433521	0.07218233	16.4211	1.8499	10.0033
0.00082202	0.80387670	0.07906516	17.2260	2.6961	7.8234
0.00077843	0.10597631	0.03039262	15.0956	2.6523	5.0595
0.00006484	0.95124096	0.09783602	12.5957	2.8740	3.8492
0.00062064	0.56299865	0.02697951	15.8527	2.5171	6.0760
0.00051186	0.32505769	0.09161449	13.7719	2.2512	6.4429
0.00048639	0.78077441	0.08700130	14.3658	1.9241	8.3331
0.00039815	0.88418007	0.09137928	16.2363	2.2921	8.7116
0.00068452	0.03286739	0.05609978	13.7022	2.9440	3.8943
0.00093193	0.30937934	0.06532644	14.7232	1.9784	7.8959
0.00020967	0.78910750	0.00773950	16.4757	1.9127	8.4758
0.00069040	0.18288662	0.01096318	18.6026	2.4672	8.3647
0.00023754	0.75933814	0.00510620	14.1798	2.5856	4.3450
0.00079998	0.69914651	0.01171954	14.8925	2.4059	5.4106
0.00044213	0.32437491	0.03419931	18.2085	2.5143	8.2671
0.00099705	0.41077667	0.09045677	12.3527	2.2703	5.1962
0.00040229	0.31768635	0.04031797	16.3632	1.6425	10.1733
0.00039473	0.06564989	0.03458342	19.9996	1.5800	13.8304
0.00085678	0.86230814	0.09300592	19.0362	2.4857	10.7541
0.00020858	0.95154428	0.00526169	15.3326	2.5717	5.1802
0.00050142	0.43694839	0.01605036	17.2310	2.0702	8.7290
0.00064839	0.94956511	0.03218722	18.1155	1.6455	11.9203
0.00012267	0.93042052	0.00176539	15.0558	1.7065	7.8308
0.00057404	0.84436816	0.02995462	14.7588	2.8724	4.4031
0.00033296	0.35491717	0.05057951	19.5175	1.7692	12.9756
0.00074235	0.62180197	0.01598155	14.2891	2.0086	6.2884
0.00097197	0.05781558	0.02894465	14.7675	1.6453	8.4049
0.00040767	0.40196574	0.02072633	18.0561	2.3864	8.3451
0.00021900	1.12221813	0.00336911	18.5914	2.9721	6.6311
0.00089928	1.14582884	0.05091493	12.2648	2.6298	3.5565
0.00015399	0.28251117	0.05190015	12.4689	2.2173	4.4929
0.00047575	0.34910712	0.00634880	15.1460	2.2139	6.0567
0.00054966	0.36538133	0.07699861	15.0570	1.9468	8.5552
0.00077700	0.48621902	0.09151794	19.5389	2.2753	11.9786
0.00056675	0.41765428	0.02927241	15.9578	2.6416	5.7795
0.00030504	0.47900918	0.05547217	19.8527	2.2739	11.2814
0.00059215	0.06663106	0.00611236	18.6838	2.1969	9.3384
0.00033163	0.32127148	0.01032076	15.5792	1.9199	7.5723
0.00092144	0.97619694	0.06983082	17.8061	2.4917	9.0253
0.00007079	0.20225371	0.04681520	14.6815	2.9246	4.3740
0.00042400	0.66226041	0.06828225	14.1475	2.1773	6.5883
0.00044345	1.19265866	0.01715944	18.4720	2.0608	10.1503
